tijd,meetwaarde
0.032,0
0.08,0
0.096,0
0.143,0
0.174,0
0.221,0
0.253,0
0.301,0
0.349,0
0.381,0
0.429,0
0.461,0
0.508,0
0.54,0
0.586,0
0.649,0
0.697,0
0.745,0
0.793,0
0.856,0
0.904,0
0.967,0
1.031,0
1.079,0
1.127,0
1.19,0
1.238,0
1.3,0
1.347,0
1.411,0
1.443,0
1.507,0
1.554,0
1.602,0
1.634,0
1.681,0
1.711,0
1.742,0
1.79,0
1.837,0
1.885,0
1.917,0
1.965,0
2.013,0
2.045,0
2.075,0
2.122,0
2.17,0
2.218,0
2.25,0
2.297,0
2.361,0
2.425,0
2.487,0
2.535,0
2.598,0
2.662,0
2.71,0
2.774,0
2.837,0
2.884,0
2.948,0
3.011,0
3.075,0
3.122,0
3.185,0
3.231,0
3.279,0
3.311,0
3.358,0
3.406,0
3.454,0
3.502,0
3.55,0
3.597,0
3.644,0
3.676,0
3.724,0
3.756,0
3.787,0
3.835,0
3.867,0
3.914,0
3.945,0
3.993,0
4.024,0
4.056,0
4.118,0
4.182,0
4.214,0
4.276,0
4.338,0
4.386,0
4.45,0
4.514,0
4.577,0
4.625,0
4.656,0
4.687,0
4.718,0
4.766,0
4.814,0
4.844,0
4.892,0
4.94,0
4.988,0
5.02,0
5.068,0
5.099,0
5.147,0
5.179,0
5.226,0
5.274,0
5.322,0
5.353,0
5.401,0
5.449,0
5.48,0
5.527,0
5.575,0
5.623,0
5.67,0
5.734,0
5.796,0
5.844,0
5.907,0
5.955,0
6.018,0
6.081,0
6.129,0
6.177,0
6.241,0
6.305,0
6.368,0
6.416,0
6.464,0
6.511,0
6.527,0
6.575,0
6.607,0
6.655,0
6.687,0
6.733,0
6.765,0
6.812,0
6.86,0
6.907,0
6.955,0
7.002,0
7.049,0
7.081,0
7.112,0
7.16,0
7.207,0
7.254,0
7.286,0
7.334,0
7.366,0
7.413,0
7.476,0
7.538,0
7.586,0
7.634,0
7.697,0
7.761,0
7.809,0
7.857,0
7.919,0
7.982,0
8.045,0
8.077,0
8.125,0
8.157,0
8.205,0
8.253,0
8.3,0
8.348,0
8.395,0
8.442,0
8.49,0
8.538,0
8.57,0
8.618,0
8.665,0
8.713,0
8.761,0
8.809,0
8.857,0
8.905,0
8.953,0
8.985,0
9.032,0
9.062,0
9.11,0
9.142,0
9.19,0
9.238,0
9.286,0
9.334,0
9.365,0
9.413,0
9.46,0
9.522,0
9.57,0
9.618,0
9.682,0
9.746,0
9.809,0
9.856,0
9.904,0
9.966,0
10.014,0
10.076,0
10.124,0
10.172,0
10.188,0
10.235,0
10.267,0
10.299,0
10.346,0
10.377,0
10.409,0
10.457,0
10.504,0
10.536,0
10.583,0
10.63,0
10.678,0
10.71,0
10.758,0
10.805,0
10.837,0
10.885,0
10.932,0
10.963,0
10.994,0
11.058,0
11.121,0
11.168,0
11.232,0
11.28,0
11.328,0
11.392,0
11.456,0
11.518,0
11.58,0
11.644,0
11.708,0
11.772,0
11.836,0
11.898,0
11.946,0
11.993,0
12.024,0
12.056,0
12.086,0
12.134,0
12.182,0
12.214,0
12.261,0
12.309,0
12.357,0
12.405,0
12.453,0
12.5,0
12.548,0
12.595,0
12.642,0
12.69,0
12.722,0
12.77,0
12.818,0
12.866,0
12.928,0
12.992,0
13.055,0
13.102,0
13.166,0
13.23,0
13.294,0
13.357,0
13.42,0
13.483,0
13.546,0
13.609,0
13.656,0
13.702,0
13.75,0
13.797,0
13.845,0
13.893,0
13.941,0
13.973,0
14.02,0
14.068,0
14.1,0
14.131,0
14.162,0
14.21,0
14.258,0
14.306,0
14.353,0
14.416,0
14.478,0
14.541,0
14.604,0
14.668,0
14.732,0
14.779,0
14.827,0
14.89,0
14.953,0
15.015,0
15.063,0
15.111,0
15.143,0
15.175,0
15.223,0
15.27,0
15.302,0
15.349,0
15.365,0
15.412,0
15.46,0
15.508,0
15.555,0
15.586,0
15.618,0
15.649,0
15.697,0
15.745,0
15.793,0
15.841,0
15.873,0
15.921,0
15.969,0
16.016,0
16.064,0
16.112,0
16.159,0
16.206,0
16.27,0
16.318,0
16.366,0
16.413,0
16.461,0
16.524,0
16.571,0
16.619,0
16.683,0
16.746,0
16.808,0
16.872,0
16.934,0
16.982,0
17.03,0
17.077,0
17.125,0
17.173,0
17.221,0
17.269,0
17.316,0
17.364,0
17.412,0
17.444,0
17.476,0
17.523,0
17.555,0
17.586,0
17.633,0
17.681,0
17.728,0
17.76,0
17.808,0
17.855,0
17.903,0
17.951,0
17.998,2266
18.046,11110
18.092,16278
18.155,18738
18.219,19810
18.283,19482
18.347,18520
18.411,17308
18.475,16180
18.538,12549
18.586,7069
18.649,4544
18.713,2536
18.761,1389
18.824,911
18.887,496
18.951,245
18.999,97
19.047,13
19.111,0
19.159,0
19.223,0
19.27,0
19.334,0
19.398,0
19.462,0
19.51,0
19.573,0
19.636,0
19.684,0
19.731,0
19.763,0
19.811,0
19.843,0
19.891,0
19.939,0
19.955,0
20.002,0
20.034,0
20.082,0
20.13,0
20.162,0
20.21,0
20.258,0
20.306,0
20.322,0
20.369,0
20.416,0
20.464,0
20.495,0
20.527,0
20.559,0
20.591,0
20.623,0
20.655,0
20.687,0
20.717,0
20.763,0
20.811,0
20.843,0
20.89,0
20.953,0
20.985,0
21.047,0
21.11,0
21.156,0
21.204,0
21.252,0
21.3,0
21.347,0
21.395,0
21.427,0
21.459,0
21.49,0
21.538,0
21.57,0
21.617,0
21.665,0
21.697,0
21.745,0
21.792,0
21.84,0
21.871,0
21.902,0
21.95,0
21.998,0
22.029,0
22.06,0
22.09,0
22.154,0
22.202,0
22.265,0
22.329,0
22.393,0
22.44,0
22.503,0
22.567,0
22.63,0
22.694,0
22.758,0
22.822,0
22.886,0
22.949,0
23.012,0
23.073,0
23.121,0
23.169,0
23.217,0
23.265,0
23.297,0
23.345,0
23.376,0
23.424,0
23.455,0
23.503,0
23.551,0
23.599,0
23.63,0
23.678,0
23.726,0
23.772,0
23.803,0
23.851,0
23.899,0
23.931,0
23.962,0
24.01,0
24.058,0
24.104,0
24.136,0
24.199,0
24.263,0
24.327,0
24.375,0
24.439,0
24.486,0
24.534,0
24.597,0
24.66,0
24.708,0
24.756,0
24.82,0
24.883,0
24.946,0
24.993,0
25.057,0
25.119,0
25.167,0
25.215,0
25.262,0
25.294,0
25.342,0
25.389,0
25.437,0
25.469,0
25.516,0
25.546,0
25.594,0
25.641,0
25.673,0
25.72,0
25.768,0
25.815,0
25.847,0
25.911,0
25.974,0
26.037,0
26.085,0
26.148,0
26.212,0
26.276,0
26.34,0
26.402,0
26.466,0
26.514,0
26.578,0
26.626,0
26.688,0
26.75,0
26.78,0
26.824,0
26.872,0
26.92,0
26.967,0
26.998,0
27.046,0
27.109,0
27.172,0
27.236,0
27.3,0
27.348,0
27.412,0
27.476,0
27.539,0
27.585,0
27.648,0
27.711,0
27.759,0
27.823,0
27.887,0
27.934,0
27.979,0
28.026,0
28.058,0
28.105,0
28.137,0
28.184,0
28.232,0
28.28,0
28.327,0
28.359,0
28.407,0
28.455,0
28.502,0
28.534,0
28.582,0
28.629,0
28.661,0
28.708,0
28.77,0
28.832,0
28.895,0
28.959,0
29.022,0
29.084,0
29.114,0
29.145,0
29.192,0
29.224,0
29.256,0
29.303,0
29.351,0
29.382,0
29.414,0
29.446,0
29.493,0
29.525,0
29.573,0
29.605,0
29.653,0
29.685,0
29.731,0
29.778,0
29.841,0
29.904,0
29.968,0
30.031,0
30.079,0
30.127,0
30.191,0
30.253,0
30.317,0
30.365,0
30.429,0
30.492,0
30.524,0
30.572,0
30.604,0
30.649,0
30.68,0
30.727,0
30.774,0
30.821,0
30.867,0
30.931,0
30.978,0
31.042,0
31.106,0
31.17,0
31.234,0
31.282,0
31.314,0
31.377,0
31.425,0
31.471,0
31.535,0
31.583,0
31.631,0
31.694,0
31.741,0
31.805,0
31.852,0
31.916,0
31.979,0
32.027,0
32.075,0
32.122,0
32.154,0
32.202,0
32.25,0
32.298,0
32.346,0
32.394,0
32.441,0
32.472,0
32.519,0
32.55,0
32.598,0
32.646,0
32.678,0
32.726,0
32.774,0
32.821,0
32.867,0
32.899,0
32.931,0
32.979,0
33.025,0
33.087,0
33.133,0
33.197,0
33.259,0
33.323,0
33.387,0
33.451,0
33.515,0
33.579,0
33.626,0
33.69,0
33.752,0
33.799,0
33.846,0
33.894,0
33.925,0
33.972,0
34.02,0
34.068,0
34.116,0
34.148,0
34.196,0
34.228,0
34.276,0
34.324,0
34.371,0
34.418,0
34.45,0
34.482,0
34.514,0
34.562,0
34.61,0
34.658,0
34.69,0
34.736,0
34.783,0
34.846,0
34.909,0
34.957,0
35.02,0
35.068,0
35.131,0
35.194,0
35.258,0
35.32,0
35.384,0
35.416,0
35.463,0
35.51,0
35.556,0
35.604,0
35.652,0
35.7,0
35.748,0
35.795,0
35.841,0
35.888,0
35.918,0
35.982,0
36.045,0
36.109,0
36.173,0
36.22,0
36.268,0
36.332,0
36.395,0
36.459,0
36.522,0
36.569,0
36.6,0
36.648,0
36.696,0
36.758,0
36.804,0
36.852,0
36.9,0
36.947,0
36.994,0
37.042,0
37.09,0
37.137,0
37.185,0
37.216,0
37.264,0
37.312,0
37.359,0
37.406,0
37.454,0
37.502,0
37.55,0
37.597,0
37.661,0
37.724,0
37.787,0
37.851,0
37.915,0
37.977,0
38.025,0
38.088,0
38.152,0
38.216,0
38.248,0
38.312,0
38.376,0
38.424,0
38.471,0
38.534,0
38.597,0
38.628,0
38.676,0
38.707,0
38.738,0
38.77,0
38.818,0
38.848,0
38.896,0
38.943,0
38.989,0
39.036,0
39.084,0
39.132,0
39.163,0
39.195,0
39.258,0
39.321,0
39.385,0
39.449,0
39.513,0
39.576,0
39.64,0
39.704,0
39.768,0
39.832,0
39.896,0
39.958,0
40.021,0
40.069,0
40.133,0
40.197,0
40.26,0
40.307,0
40.338,0
40.37,0
40.402,0
40.434,0
40.466,0
40.481,0
40.513,0
40.558,0
40.574,0
40.62,0
40.668,0
40.698,0
40.762,0
40.825,0
40.889,0
40.937,0
40.999,0
41.046,0
41.108,0
41.172,0
41.22,0
41.267,0
41.299,0
41.331,0
41.363,0
41.411,0
41.443,0
41.474,0
41.522,0
41.553,0
41.584,0
41.615,0
41.646,0
41.693,0
41.739,0
41.787,0
41.819,0
41.85,0
41.898,0
41.93,0
41.977,0
42.041,0
42.103,0
42.151,0
42.199,0
42.262,0
42.31,0
42.358,0
42.422,0
42.486,0
42.533,0
42.58,0
42.627,0
42.675,0
42.738,0
42.786,0
42.817,0
42.862,0
42.909,0
42.955,0
43.003,0
43.051,0
43.099,0
43.147,0
43.179,0
43.227,0
43.259,0
43.291,0
43.337,0
43.369,0
43.432,0
43.496,0
43.544,0
43.608,0
43.672,0
43.735,0
43.783,0
43.83,0
43.893,0
43.957,0
44.002,0
44.049,0
44.096,0
44.128,0
44.176,0
44.208,0
44.256,0
44.287,0
44.319,0
44.351,0
44.399,0
44.431,0
44.462,0
44.51,0
44.541,0
44.589,0
44.636,0
44.682,0
44.714,0
44.761,0
44.808,0
44.855,0
44.903,0
44.966,0
45.014,0
45.077,0
45.141,0
45.188,0
45.236,0
45.284,0
45.332,0
45.38,0
45.444,0
45.492,0
45.539,0
45.586,0
45.65,0
45.712,0
45.743,0
45.775,0
45.822,0
45.869,0
45.9,0
45.945,0
45.977,0
46.009,0
46.039,0
46.102,0
46.15,0
46.198,0
46.246,0
46.294,0
46.341,0
46.389,0
46.437,0
46.485,0
46.533,0
46.595,0
46.641,0
46.703,0
46.751,0
46.799,0
46.846,0
46.878,0
46.926,0
46.973,0
47.018,0
47.064,0
47.11,0
47.158,0
47.206,0
47.238,0
47.286,0
47.35,0
47.414,0
47.46,0
47.507,0
47.555,0
47.619,0
47.682,0
47.73,0
47.794,0
47.841,0
47.889,0
47.937,0
48.0,0
48.063,0
48.127,0
48.191,0
48.254,0
48.302,0
48.35,0
48.414,0
48.462,0
48.494,0
48.541,0
48.573,0
48.605,0
48.652,0
48.7,0
48.748,0
48.794,0
48.842,0
48.874,0
48.922,0
48.969,0
48.999,0
49.047,0
49.094,0
49.14,0
49.172,0
49.22,0
49.268,0
49.315,0
49.363,0
49.411,0
49.459,0
49.491,0
49.539,0
49.586,0
49.647,0
49.711,0
49.773,0
49.82,0
49.851,0
49.883,0
49.93,0
49.977,0
50.024,0
50.071,0
50.103,0
50.151,0
50.183,0
50.215,0
50.263,0
50.31,0
50.342,0
50.374,0
50.406,0
50.454,0
50.502,0
50.549,0
50.595,0
50.659,0
50.69,0
50.736,0
50.784,0
50.847,0
50.911,0
50.959,0
51.022,0
51.086,0
51.117,0
51.165,0
51.212,0
51.26,0
51.307,0
51.339,0
51.387,0
51.435,0
51.467,0
51.498,0
51.546,0
51.594,0
51.626,0
51.672,0
51.702,0
51.732,0
51.778,0
51.841,0
51.888,0
51.95,0
51.997,0
52.043,0
52.091,0
52.123,0
52.155,0
52.203,0
52.25,0
52.298,0
52.33,0
52.362,0
52.394,0
52.442,0
52.49,0
52.538,0
52.57,0
52.617,0
52.665,0
52.713,0
52.761,0
52.793,0
52.841,0
52.889,0
52.936,0
52.967,0
53.014,0
53.044,0
53.092,0
53.124,0
53.156,0
53.203,0
53.234,0
53.266,0
53.313,0
53.359,0
53.407,0
53.471,0
53.519,0
53.583,0
53.631,0
53.695,0
53.757,0
53.805,0
53.869,0
53.933,0
53.98,0
54.044,0
54.106,0
54.154,0
54.218,0
54.266,0
54.314,0
54.362,0
54.425,0
54.456,0
54.488,0
54.536,0
54.584,0
54.614,0
54.661,0
54.709,0
54.756,0
54.788,0
54.836,0
54.867,0
54.914,0
54.962,0
54.994,0
55.026,0
55.058,0
55.089,0
55.119,0
55.183,0
55.245,0
55.293,0
55.357,0
55.404,0
55.452,0
55.515,0
55.578,0
55.638,0
55.686,0
55.717,0
55.749,0
55.797,0
55.844,0
55.891,0
55.907,0
55.955,0
55.987,0
56.017,0
56.049,0
56.081,0
56.113,0
56.159,0
56.207,0
56.255,0
56.303,0
56.351,0
56.414,0
56.478,0
56.525,0
56.571,0
56.635,0
56.697,0
56.745,0
56.807,0
56.855,0
56.919,0
56.951,0
56.998,0
57.03,0
57.062,0
57.094,0
57.141,0
57.188,0
57.236,0
57.268,0
57.316,0
57.364,0
57.412,0
57.46,0
57.508,0
57.554,0
57.602,0
57.634,0
57.666,0
57.714,0
57.762,0
57.81,0
57.842,0
57.889,0
57.937,0
57.985,0
58.017,0
58.065,0
58.097,0
58.145,0
58.192,0
58.224,0
58.256,0
58.303,0
58.351,0
58.383,0
58.431,0
58.479,0
58.527,0
58.575,0
58.623,0
58.671,0
58.718,0
58.766,0
58.798,0
58.846,0
58.878,0
58.926,0
58.974,0
59.022,0
59.069,0
59.117,0
59.164,0
59.211,0
59.259,0
59.322,0
59.354,0
59.402,0
59.448,0
59.511,0
59.575,0
59.639,0
59.703,0
59.75,0
59.813,0
59.877,0
59.94,0
59.971,0
60.019,0
60.051,0
60.097,0
60.144,0
60.175,0
60.207,0
60.255,0
60.303,0
60.335,0
60.367,0
60.415,0
60.447,0
60.494,0
60.525,0
60.556,0
60.587,0
60.635,0
60.682,0
60.745,0
60.807,0
60.87,0
60.933,0
60.996,0
61.044,0
61.108,0
61.156,0
61.188,0
61.236,0
61.268,0
61.315,0
61.347,0
61.395,0
61.411,0
61.443,0
61.475,0
61.507,0
61.539,0
61.571,0
61.603,0
61.65,0
61.68,0
61.728,0
61.773,0
61.804,0
61.851,0
61.899,0
61.931,0
61.978,0
62.042,0
62.088,0
62.152,0
62.215,0
62.263,0
62.31,0
62.374,0
62.437,0
62.501,0
62.549,0
62.612,0
62.676,0
62.74,0
62.787,0
62.834,0
62.898,0
62.946,0
62.994,0
63.042,0
63.09,0
63.122,0
63.169,0
63.216,0
63.28,0
63.312,0
63.359,0
63.407,0
63.455,0
63.503,0
63.549,0
63.58,0
63.612,0
63.66,0
63.692,0
63.739,0
63.787,0
63.835,0
63.867,0
63.913,0
63.961,0
64.009,0
64.041,0
64.089,0
64.137,0
64.185,0
64.233,0
64.279,0
64.341,0
64.388,0
64.436,0
64.499,0
64.561,0
64.609,0
64.641,0
64.688,0
64.72,0
64.768,0
64.816,0
64.848,0
64.88,0
64.912,0
64.944,0
64.976,0
65.023,0
65.071,0
65.118,0
65.165,0
65.197,0
65.243,0
65.274,0
65.306,0
65.354,0
65.37,0
65.417,0
65.465,0
65.513,0
65.545,0
65.591,0
65.654,0
65.702,0
65.765,0
65.828,0
65.876,0
65.924,0
65.97,0
66.033,0
66.081,0
66.129,0
66.176,0
66.239,0
66.286,0
66.302,0
66.334,0
66.366,0
66.414,0
66.446,0
66.493,0
66.523,0
66.555,0
66.602,0
66.65,0
66.698,0
66.746,0
66.794,0
66.826,0
66.873,0
66.903,0
66.935,0
66.983,0
67.015,0
67.047,0
67.079,0
67.127,0
67.159,0
67.206,0
67.254,0
67.316,0
67.364,0
67.428,0
67.491,0
67.539,0
67.586,0
67.632,0
67.679,0
67.727,0
67.79,0
67.838,0
67.886,0
67.933,0
67.965,0
68.012,0
68.042,0
68.089,0
68.121,0
68.168,0
68.2,0
68.248,0
68.28,0
68.327,0
68.374,0
68.421,0
68.453,0
68.501,0
68.564,0
68.612,0
68.675,0
68.738,0
68.784,0
68.846,0
68.91,0
68.956,0
69.003,0
69.051,0
69.083,0
69.115,0
69.162,0
69.178,0
69.194,0
69.225,0
69.271,0
69.303,0
69.335,0
69.367,0
69.415,0
69.447,0
69.463,0
69.495,0
69.539,0
69.571,0
69.633,0
69.679,0
69.741,0
69.771,0
69.817,0
69.849,0
69.881,0
69.911,0
69.942,0
69.974,0
70.022,0
70.069,0
70.101,0
70.133,0
70.165,0
70.197,0
70.229,0
70.26,0
70.307,0
70.371,0
70.435,0
70.499,0
70.547,0
70.611,0
70.658,0
70.706,0
70.754,0
70.818,0
70.866,0
70.914,0
70.961,0
71.009,0
71.072,0
71.133,0
71.197,0
71.245,0
71.277,0
71.341,0
71.404,0
71.467,0
71.515,0
71.546,0
71.594,0
71.642,0
71.69,0
71.738,0
71.785,0
71.831,0
71.878,0
71.909,0
71.941,0
71.989,0
72.021,0
72.053,0
72.084,0
72.116,0
72.147,0
72.195,0
72.227,0
72.275,0
72.323,0
72.37,0
72.433,0
72.481,0
72.544,0
72.592,0
72.656,0
72.703,0
72.767,0
72.815,0
72.863,0
72.925,0
72.973,0
73.036,0
73.084,0
73.131,0
73.195,0
73.259,0
73.322,0
73.386,0
73.434,0
73.482,0
73.53,0
73.577,0
73.609,0
73.64,0
73.685,0
73.731,0
73.779,0
73.826,0
73.857,0
73.904,0
73.967,0
74.03,0
74.092,0
74.154,0
74.202,0
74.25,0
74.297,0
74.328,0
74.376,0
74.407,0
74.439,0
74.487,0
74.534,0
74.582,0
74.63,0
74.662,0
74.693,0
74.74,0
74.787,0
74.835,0
74.882,0
74.93,0
74.978,0
75.01,0
75.058,0
75.089,0
75.137,0
75.168,0
75.215,0
75.279,0
75.343,0
75.391,0
75.455,0
75.519,0
75.582,0
75.63,0
75.662,0
75.724,0
75.787,0
75.835,0
75.897,0
75.944,0
75.992,0
76.04,0
76.103,0
76.151,0
76.199,0
76.247,0
76.294,0
76.326,0
76.358,0
76.406,0
76.454,0
76.486,0
76.518,0
76.566,0
76.614,0
76.645,0
76.677,0
76.709,0
76.757,0
76.805,0
76.837,0
76.868,0
76.915,0
76.963,0
77.011,0
77.057,0
77.104,0
77.152,0
77.199,0
77.247,0
77.294,0
77.358,0
77.421,0
77.469,0
77.533,0
77.595,0
77.658,0
77.721,0
77.784,0
77.847,0
77.91,0
77.958,0
77.99,0
78.053,0
78.085,0
78.133,0
78.179,0
78.211,0
78.259,0
78.306,0
78.354,0
78.401,0
78.433,0
78.481,0
78.513,0
78.544,0
78.591,0
78.606,0
78.653,0
78.7,0
78.732,0
78.778,0
78.842,0
78.905,0
78.968,0
79.032,0
79.08,0
79.112,0
79.176,0
79.223,0
79.287,0
79.334,0
79.398,0
79.461,0
79.508,0
79.556,0
79.588,0
79.62,0
79.668,0
79.714,0
79.745,0
79.793,0
79.841,0
79.887,0
79.935,0
79.967,0
79.999,0
80.046,0
80.076,0
80.123,0
80.187,0
80.25,0
80.298,0
80.362,0
80.425,0
80.472,0
80.536,0
80.598,0
80.661,0
80.725,0
80.789,0
80.836,0
80.884,0
80.947,0
80.979,0
81.009,0
81.056,0
81.103,0
81.151,0
81.198,0
81.246,0
81.293,0
81.341,0
81.389,0
81.437,0
81.484,0
81.532,0
81.579,0
81.641,0
81.704,0
81.767,0
81.815,0
81.879,0
81.94,0
82.004,0
82.068,0
82.1,0
82.164,0
82.228,0
82.292,0
82.355,0
82.419,0
82.483,0
82.547,0
82.593,0
82.641,0
82.687,0
82.734,0
82.782,0
82.83,0
82.877,0
82.924,0
82.955,0
83.003,0
83.034,0
83.066,0
83.098,0
83.13,0
83.177,0
83.225,0
83.273,0
83.336,0
83.384,0
83.445,0
83.492,0
83.556,0
83.619,0
83.682,0
83.73,0
83.777,0
83.823,0
83.855,0
83.903,0
83.935,0
83.982,0
84.03,0
84.078,0
84.126,0
84.157,0
84.204,0
84.252,0
84.3,0
84.348,0
84.38,0
84.396,0
84.444,0
84.475,0
84.523,0
84.57,0
84.602,0
84.65,0
84.698,0
84.729,0
84.761,0
84.809,0
84.841,0
84.889,0
84.936,0
84.984,0
85.047,0
85.094,0
85.157,0
85.205,0
85.269,0
85.316,0
85.364,0
85.428,0
85.475,0
85.537,0
85.584,0
85.632,0
85.678,0
85.709,0
85.741,0
85.788,0
85.836,0
85.882,0
85.928,0
85.959,0
86.006,0
86.068,0
86.131,0
86.195,0
86.259,0
86.323,0
86.371,0
86.434,0
86.482,0
86.544,0
86.575,0
86.606,0
86.638,0
86.685,0
86.732,0
86.779,0
86.811,0
86.858,0
86.905,0
86.937,0
86.984,0
87.032,0
87.077,0
87.124,0
87.187,0
87.235,0
87.299,0
87.346,0
87.41,0
87.473,0
87.521,0
87.584,0
87.632,0
87.694,0
87.742,0
87.774,0
87.821,0
87.869,0
87.916,0
87.963,0
88.011,0
88.043,0
88.074,0
88.121,0
88.168,0
88.2,0
88.231,0
88.279,0
88.325,0
88.389,0
88.453,0
88.5,0
88.563,0
88.627,0
88.69,0
88.754,0
88.817,0
88.88,0
88.927,0
88.991,0
89.053,0
89.1,0
89.147,0
89.195,0
89.227,0
89.275,0
89.322,0
89.37,0
89.402,0
89.432,0
89.463,0
89.511,0
89.558,0
89.606,0
89.653,0
89.685,0
89.733,0
89.794,0
89.858,0
89.922,0
89.985,0
90.048,0
90.112,0
90.175,0
90.239,0
90.303,0
90.367,0
90.431,0
90.495,0
90.557,0
90.621,0
90.685,0
90.748,0
90.794,0
90.841,0
90.889,0
90.919,0
90.951,0
90.998,0
91.045,0
91.093,0
91.141,0
91.172,0
91.22,0
91.252,0
91.297,0
91.344,0
91.408,0
91.456,0
91.519,0
91.582,0
91.643,0
91.675,0
91.707,0
91.754,0
91.786,0
91.818,0
91.865,0
91.913,0
91.961,0
92.007,0
92.039,0
92.071,0
92.103,0
92.151,0
92.183,0
92.23,0
92.278,0
92.31,0
92.342,0
92.389,0
92.436,0
92.483,0
92.531,0
92.579,0
92.611,0
92.657,0
92.704,0
92.751,0
92.798,0
92.862,0
92.91,0
92.974,0
93.037,0
93.101,0
93.164,0
93.211,0
93.273,0
93.305,0
93.337,0
93.369,0
93.401,0
93.433,0
93.481,0
93.528,0
93.576,0
93.624,0
93.671,0
93.702,0
93.749,0
93.795,0
93.841,0
93.903,0
93.967,0
94.013,0
94.074,0
94.12,0
94.152,0
94.184,0
94.232,0
94.279,0
94.311,0
94.343,0
94.375,0
94.423,0
94.47,0
94.518,0
94.549,0
94.581,0
94.596,0
94.642,0
94.688,0
94.75,0
94.798,0
94.862,0
94.925,0
94.987,0
95.048,0
95.094,0
95.126,0
95.174,0
95.221,0
95.252,0
95.284,0
95.316,0
95.363,0
95.41,0
95.442,0
95.49,0
95.537,0
95.584,0
95.646,0
95.709,0
95.756,0
95.819,0
95.883,0
95.947,0
95.995,0
96.058,0
96.105,0
96.136,0
96.167,0
96.199,0
96.246,0
96.294,0
96.326,0
96.357,0
96.405,0
96.453,0
96.5,0
96.547,0
96.595,0
96.643,0
96.69,0
96.736,0
96.784,0
96.832,0
96.879,0
96.942,0
97.005,0
97.069,0
97.132,0
97.194,0
97.257,0
97.319,0
97.367,0
97.399,0
97.447,0
97.479,0
97.511,0
97.558,0
97.605,0
97.636,0
97.667,0
97.699,0
97.747,0
97.794,0
97.842,0
97.889,0
97.937,0
97.969,0
98.017,0
98.048,0
98.094,0
98.141,0
98.203,0
98.25,0
98.297,0
98.36,0
98.423,0
98.471,0
98.519,0
98.567,0
98.63,0
98.677,0
98.725,0
98.757,0
98.789,0
98.835,0
98.883,0
98.93,0
98.961,0
98.993,0
99.04,0
99.072,0
99.104,0
99.136,0
99.183,0
99.231,0
99.279,0
99.327,0
99.358,0
99.389,0
99.453,0
99.516,0
99.578,0
99.64,0
99.687,0
99.733,0
99.765,0
99.797,0
99.844,0
99.875,0
99.921,0
99.953,0
100.001,0
100.048,0
100.079,0
100.126,0
100.173,0
100.221,0
100.252,0
100.299,0
100.347,0
100.379,0
100.442,0
100.49,0
100.535,0
100.597,0
100.645,0
100.675,0
100.723,0
100.771,0
100.835,0
100.867,0
100.915,0
100.962,0
100.994,0
101.025,0
101.072,0
101.119,0
101.151,0
101.199,0
101.247,0
101.293,0
101.325,0
101.372,0
101.435,0
101.499,0
101.563,0
101.626,0
101.658,0
101.722,0
101.784,0
101.847,0
101.909,0
tijd,meetwaarde
0.022,0
0.034,0
0.054,0
0.065,0
0.083,0
0.102,0
0.117,0
0.131,0
0.148,0
0.165,0
0.18,0
0.199,0
0.212,0
0.229,0
0.243,0
0.26,0
0.275,0
0.292,0
0.309,0
0.322,0
0.341,0
0.354,0
0.373,0
0.387,0
0.406,0
0.42,0
0.437,0
0.453,0
0.469,0
0.486,0
0.498,0
0.516,0
0.533,0
0.548,0
0.563,0
0.582,0
0.596,0
0.614,0
0.626,0
0.641,0
0.66,0
0.678,0
0.689,0
0.71,0
0.724,0
0.772,0
0.803,0
0.85,0
0.882,0
0.929,0
0.977,0
1.025,0
1.04,0
1.087,0
1.135,0
1.182,0
1.229,0
1.277,0
1.325,0
1.372,0
1.418,0
1.466,0
1.53,0
1.577,0
1.625,0
1.673,0
1.737,0
1.785,0
1.833,0
1.897,0
1.944,0
2.007,0
2.071,0
2.119,0
2.167,0
2.228,0
2.275,0
2.322,0
2.354,0
2.385,0
2.417,0
2.464,0
2.511,0
2.541,0
2.589,0
2.621,0
2.668,0
2.731,0
2.795,0
2.858,0
2.906,0
2.97,0
3.034,0
3.096,0
3.158,0
3.22,0
3.268,0
3.332,0
3.364,0
3.412,0
3.444,0
3.491,0
3.538,0
3.585,0
3.633,0
3.68,0
3.727,0
3.774,0
3.805,0
3.837,0
3.885,0
3.932,0
3.98,0
4.028,0
4.074,0
4.138,0
4.201,0
4.265,0
4.311,0
4.374,0
4.422,0
4.486,0
4.548,0
4.595,0
4.627,0
4.674,0
4.706,0
4.754,0
4.8,0
4.831,0
4.879,0
4.925,0
4.941,0
4.989,0
5.021,0
5.069,0
5.116,0
5.162,0
5.21,0
5.272,0
5.32,0
5.383,0
5.429,0
5.491,0
5.538,0
5.57,0
5.618,0
5.666,0
5.698,0
5.73,0
5.778,0
5.81,0
5.842,0
5.872,0
5.888,0
5.935,0
5.966,0
6.013,0
6.045,0
6.092,0
6.14,0
6.187,0
6.234,0
6.266,0
6.313,0
6.36,0
6.408,0
6.456,0
6.52,0
6.582,0
6.63,0
6.677,0
6.725,0
6.788,0
6.852,0
6.916,0
6.977,0
7.024,0
7.071,0
7.118,0
7.149,0
7.197,0
7.227,0
7.273,0
7.333,0
7.396,0
7.457,0
7.504,0
7.551,0
7.599,0
7.631,0
7.678,0
7.725,0
7.757,0
7.789,0
7.837,0
7.885,0
7.917,0
7.965,0
8.013,0
8.045,0
8.091,0
8.138,0
8.17,0
8.201,0
8.248,0
8.295,0
8.356,0
8.42,0
8.483,0
8.53,0
8.592,0
8.64,0
8.672,0
8.72,0
8.768,0
8.8,0
8.831,0
8.862,0
8.91,0
8.958,0
8.989,0
9.036,0
9.068,0
9.116,0
9.163,0
9.209,0
9.241,0
9.288,0
9.335,0
9.382,0
9.444,0
9.506,0
9.568,0
9.598,0
9.63,0
9.678,0
9.726,0
9.757,0
9.805,0
9.837,0
9.885,0
9.933,0
9.979,0
10.011,0
10.057,0
10.104,0
10.136,0
10.183,0
10.245,0
10.293,0
10.356,0
10.404,0
10.468,0
10.531,0
10.594,0
10.658,0
10.721,0
10.785,0
10.833,0
10.88,0
10.943,0
10.975,0
11.022,0
11.068,0
11.1,0
11.147,0
11.178,0
11.21,0
11.257,0
11.288,0
11.32,0
11.367,0
11.412,0
11.472,0
11.52,0
11.568,0
11.631,0
11.679,0
11.727,0
11.759,0
11.79,0
11.837,0
11.869,0
11.917,0
11.932,0
11.979,0
12.027,0
12.059,0
12.106,0
12.153,0
12.2,0
12.247,0
12.294,0
12.342,0
12.358,0
12.419,0
12.466,0
12.513,0
12.574,0
12.622,0
12.686,0
12.749,0
12.797,0
12.828,0
12.876,0
12.924,0
12.971,0
13.002,0
13.033,0
13.081,0
13.129,0
13.176,0
13.207,0
13.255,0
13.302,0
13.349,0
13.395,0
13.459,0
13.507,0
13.555,0
13.619,0
13.667,0
13.729,0
13.793,0
13.84,0
13.888,0
13.934,0
13.982,0
14.044,0
14.091,0
14.139,0
14.169,0
14.216,0
14.264,0
14.296,0
14.328,0
14.359,0
14.389,0
14.434,0
14.498,0
14.562,0
14.61,0
14.674,0
14.738,0
14.785,0
14.847,0
14.911,0
14.975,0
15.038,0
15.101,0
15.164,0
15.211,0
15.243,0
15.29,0
15.338,0
15.386,0
15.433,0
15.465,0
15.513,0
15.544,0
15.59,0
15.638,0
15.685,0
15.733,0
15.764,0
15.795,0
15.827,0
15.873,0
15.936,0
15.982,0
16.046,0
16.11,0
16.142,0
16.19,0
16.253,0
16.316,0
16.363,0
16.394,0
16.426,0
16.458,0
16.505,0
16.537,0
16.585,0
16.632,0
16.68,0
16.727,0
16.775,0
16.823,0
16.855,0
16.903,0
16.951,0
16.999,0
17.047,0
17.094,0
17.14,0
17.172,0
17.219,0
17.267,0
17.315,0
17.363,0
17.41,0
17.473,0
17.536,0
17.584,0
17.632,0
17.68,0
17.728,0
17.776,0
17.823,0
17.885,0
17.933,0
17.996,0
18.044,0
18.108,0
18.171,0
18.234,0
18.298,0
18.362,0
18.41,0
18.458,0
18.521,0
18.568,0
18.616,0
18.648,0
18.696,0
18.728,0
18.776,0
18.808,0
18.839,0
18.886,0
18.934,0
18.981,0
19.028,0
19.076,0
19.122,0
19.169,0
19.217,0
19.28,0
19.327,0
19.39,0
19.436,0
19.483,0
19.547,0
19.611,0
19.674,0
19.737,0
19.801,0
19.863,0
19.895,0
19.927,0
19.975,0
20.007,0
20.054,0
20.101,0
20.117,0
20.149,0
20.18,0
20.212,0
20.244,0
20.292,0
20.324,0
20.355,0
20.402,0
20.449,0
20.497,0
20.545,0
20.593,0
20.625,0
20.656,0
20.688,0
20.72,0
20.767,0
20.83,0
20.877,0
20.939,0
20.987,0
21.034,0
21.096,0
21.144,0
21.191,0
21.238,0
21.285,0
21.317,0
21.365,0
21.413,0
21.461,0
21.493,0
21.524,0
21.572,0
21.603,0
21.635,0
21.683,0
21.731,0
21.763,0
21.811,0
21.843,0
21.889,0
21.921,0
21.969,0
22.017,0
22.064,0
22.111,0
22.158,0
22.222,0
22.27,0
22.332,0
22.395,0
22.459,0
22.522,0
22.586,0
22.618,0
22.65,0
22.682,0
22.745,0
22.808,0
22.856,0
22.904,0
22.952,0
23.015,0
23.062,0
23.126,0
23.173,0
23.221,0
23.269,0
23.301,0
23.348,0
23.394,0
23.425,0
23.473,0
23.52,0
23.568,0
23.615,0
23.646,0
23.694,0
23.74,0
23.804,0
23.868,0
23.931,0
23.995,0
24.042,0
24.09,0
24.153,0
24.216,0
24.279,0
24.342,0
24.404,0
24.436,0
24.467,0
24.499,0
24.531,0
24.579,0
24.627,0
24.673,0
24.721,0
24.753,0
24.785,0
24.817,0
24.865,0
24.897,0
24.944,0
24.976,0
25.024,0
25.072,0
25.103,0
25.167,0
25.198,0
25.229,0
25.276,0
25.322,0
25.385,0
25.447,0
25.509,0
25.557,0
25.619,0
25.651,0
25.699,0
25.747,0
25.795,0
25.811,0
25.859,0
25.891,0
25.923,0
25.971,0
26.018,0
26.066,0
26.098,0
26.129,0
26.161,0
26.193,0
26.225,0
26.273,0
26.305,0
26.352,0
26.399,0
26.431,0
26.463,0
26.495,0
26.527,0
26.575,0
26.606,0
26.654,0
26.702,0
26.748,0
26.796,0
26.842,0
26.905,0
26.969,0
27.017,0
27.081,0
27.144,0
27.192,0
27.256,0
27.32,0
27.368,0
27.432,0
27.479,0
27.526,0
27.574,0
27.638,0
27.686,0
27.75,0
27.814,0
27.861,0
27.925,0
27.988,0
28.052,0
28.084,0
28.132,0
28.196,0
28.243,0
28.291,0
28.339,0
28.387,0
28.45,0
28.514,0
28.53,0
28.593,0
28.64,0
28.672,0
28.72,0
28.752,0
28.8,0
28.846,0
28.877,0
28.909,0
28.957,0
29.003,0
29.035,0
29.083,0
29.131,0
29.178,0
29.226,0
29.258,0
29.306,0
29.352,0
29.399,0
29.447,0
29.495,0
29.559,0
29.623,0
29.671,0
29.734,0
29.782,0
29.846,0
29.894,0
29.958,0
30.02,0
30.084,0
30.13,0
30.193,0
30.256,0
30.288,0
30.336,0
30.367,0
30.399,0
30.447,0
30.494,0
30.542,0
30.59,0
30.637,0
30.685,0
30.716,0
30.763,0
30.795,0
30.826,0
30.874,0
30.905,0
30.936,0
30.984,0
31.032,0
31.08,0
31.127,0
31.175,0
31.222,0
31.27,0
31.318,0
31.382,0
31.446,0
31.509,0
31.572,0
31.62,0
31.668,0
31.732,0
31.796,0
31.859,0
31.923,0
31.987,0
32.034,0
32.098,0
32.162,0
32.21,0
32.256,0
32.304,0
32.368,0
32.415,0
32.479,0
32.511,0
32.559,0
32.622,0
32.669,0
32.717,0
32.749,0
32.797,0
32.845,0
32.877,0
32.925,0
32.957,0
33.004,0
33.052,0
33.099,0
33.147,0
33.179,0
33.227,0
33.259,0
33.307,0
33.338,0
33.37,0
33.418,0
33.466,0
33.514,0
33.562,0
33.594,0
33.626,0
33.674,0
33.721,0
33.769,0
33.817,0
33.849,0
33.881,0
33.928,0
33.976,0
34.008,0
34.056,0
34.087,0
34.134,0
34.182,0
34.214,0
34.262,0
34.293,0
34.34,0
34.386,0
34.449,0
34.511,0
34.559,0
34.623,0
34.687,0
34.751,0
34.815,0
34.878,0
34.926,0
34.974,0
35.022,0
35.085,0
35.133,0
35.181,0
35.228,0
35.274,0
35.321,0
35.352,0
35.384,0
35.416,0
35.463,0
35.495,0
35.542,0
35.59,0
35.62,0
35.668,0
35.7,0
35.732,0
35.78,0
35.812,0
35.844,0
35.891,0
35.955,0
36.017,0
36.081,0
36.129,0
36.176,0
36.238,0
36.286,0
36.349,0
36.396,0
36.46,0
36.506,0
36.553,0
36.601,0
36.633,0
36.681,0
36.728,0
36.759,0
36.807,0
36.855,0
36.903,0
36.95,0
36.998,0
37.046,0
37.077,0
37.093,0
37.141,0
37.189,0
37.237,0
37.285,0
37.333,0
37.381,0
37.429,0
37.46,0
37.506,0
37.553,0
37.616,0
37.664,0
37.728,0
37.792,0
37.855,0
37.901,0
37.949,0
38.013,0
38.077,0
38.14,0
38.203,0
38.25,0
38.314,0
38.362,0
38.394,0
38.442,0
38.474,0
38.506,0
38.538,0
38.57,0
38.585,0
38.633,0
38.68,0
38.727,0
38.774,0
38.806,0
38.837,0
38.869,0
38.917,0
38.963,0
38.995,0
39.042,0
39.074,0
39.122,0
39.17,0
39.218,0
39.25,0
39.298,0
39.345,0
39.377,0
39.409,0
39.457,0
39.505,0
39.553,0
39.584,0
39.631,0
39.679,0
39.726,0
39.79,0
39.836,0
39.884,0
39.932,0
39.996,0
40.044,0
40.105,0
40.15,0
40.182,0
40.229,0
40.276,0
40.307,0
40.339,0
40.387,0
40.434,0
40.481,0
40.513,0
40.561,0
40.593,0
40.64,0
40.656,0
40.704,0
40.736,0
40.768,0
40.8,0
40.845,0
40.909,0
40.956,0
41.003,0
41.051,0
41.099,0
41.147,0
41.194,0
41.257,0
41.305,0
41.369,0
41.416,0
41.448,0
41.512,0
41.544,0
41.591,0
41.637,0
41.685,0
41.717,0
41.765,0
41.813,0
41.861,0
41.892,0
41.939,0
41.971,0
42.019,0
42.051,0
42.098,0
42.13,0
42.162,0
42.194,0
42.241,0
42.289,0
42.32,0
42.352,0
42.384,0
42.432,0
42.48,0
42.528,0
42.56,0
42.607,0
42.639,0
42.687,0
42.734,0
42.766,0
42.798,0
42.83,0
42.878,0
42.925,0
42.972,0
43.02,0
43.083,0
43.13,0
43.178,0
43.242,0
43.305,0
43.369,0
43.432,0
43.479,0
43.543,0
43.591,0
43.654,0
43.701,0
43.749,0
43.781,0
43.828,0
43.876,0
43.924,0
43.972,0
44.02,0
44.068,0
44.115,0
44.162,0
44.208,0
44.256,0
44.304,0
44.351,0
44.383,0
44.431,0
44.479,0
44.527,0
44.574,0
44.622,0
44.654,0
44.702,0
44.733,0
44.781,0
44.797,0
44.829,0
44.861,0
44.908,0
44.955,0
45.018,0
45.082,0
45.13,0
45.176,0
45.224,0
45.288,0
45.351,0
45.415,0
45.478,0
45.526,0
45.573,0
45.621,0
45.653,0
45.684,0
45.732,0
45.78,0
45.828,0
45.86,0
45.892,0
45.94,0
45.988,0
46.036,0
46.067,0
46.115,0
46.162,0
46.209,0
46.24,0
46.288,0
46.336,0
46.384,0
46.431,0
46.479,0
46.526,0
46.574,0
46.621,0
46.652,0
46.7,0
46.732,0
46.764,0
46.795,0
46.858,0
46.905,0
46.968,0
47.032,0
47.095,0
47.159,0
47.22,0
47.284,0
47.348,0
47.411,0
47.459,0
47.491,0
47.522,0
47.569,0
47.617,0
47.665,0
47.712,0
47.759,0
47.791,0
47.839,0
47.871,0
47.919,0
47.965,0
47.997,0
48.045,0
48.093,0
48.14,0
48.188,0
48.236,0
48.283,0
48.33,0
48.393,0
48.44,0
48.504,0
48.567,0
48.63,0
48.693,0
48.757,0
48.821,0
48.869,0
48.933,0
48.979,0
49.042,0
49.089,0
49.121,0
49.153,0
49.185,0
49.232,0
49.279,0
49.343,0
49.375,0
49.422,0
49.469,0
49.501,0
49.533,0
49.581,0
49.629,0
49.677,0
49.725,0
49.772,0
49.804,0
49.836,0
49.883,0
49.915,0
49.947,0
49.995,0
50.043,0
50.075,0
50.122,0
50.17,0
50.217,0
50.232,0
50.279,0
50.326,0
50.374,0
50.438,0
50.486,0
50.534,0
50.597,0
50.645,0
50.693,0
50.74,0
50.803,0
50.867,0
50.914,0
50.962,111
51.009,6348
51.073,13756
51.136,18325
51.183,19753
51.231,19743
51.279,19234
51.311,18449
51.342,17861
51.39,17225
51.437,16336
51.469,15168
51.516,11566
51.548,8024
51.58,5903
51.596,4425
51.644,3793
51.692,2434
51.739,1579
51.787,1005
51.835,642
51.883,402
51.931,227
51.963,108
52.011,50
52.043,0
52.091,0
52.138,0
52.186,0
52.234,0
52.265,0
52.297,0
52.345,0
52.392,0
52.424,0
52.472,0
52.503,0
52.534,0
52.582,0
52.646,0
52.694,0
52.758,0
52.821,0
52.866,0
52.929,0
52.993,0
53.04,0
53.104,0
53.15,0
53.182,0
53.198,0
53.23,0
53.261,0
53.293,0
53.341,0
53.373,0
53.421,0
53.453,0
53.499,0
53.531,0
53.563,0
53.61,0
53.642,0
53.674,0
53.706,0
53.754,0
53.802,0
53.85,0
53.882,0
53.914,0
53.946,0
53.978,0
54.01,0
54.041,0
54.089,0
54.12,0
54.167,0
54.199,0
54.231,0
54.279,0
54.326,0
54.358,0
54.406,0
54.468,0
54.516,0
54.58,0
54.628,0
54.692,0
54.724,0
54.772,0
54.819,0
54.883,0
54.947,0
55.011,0
55.059,0
55.091,0
55.123,0
55.171,0
55.218,0
55.25,0
55.298,0
55.362,0
55.426,0
55.49,0
55.538,0
55.585,0
55.633,0
55.696,0
55.76,0
55.808,0
55.872,0
55.92,0
55.983,0
56.031,0
56.079,0
56.127,0
56.159,0
56.207,0
56.255,0
56.302,0
56.366,0
56.414,0
56.462,0
56.51,0
56.558,0
56.606,0
56.67,0
56.701,0
56.765,0
56.829,0
56.877,0
56.925,0
56.973,0
57.037,0
57.084,0
57.132,0
57.179,0
57.211,0
57.259,0
57.307,0
57.355,0
57.403,0
57.433,0
57.48,0
57.526,0
57.542,0
57.59,0
57.637,0
57.669,0
57.717,0
57.765,0
57.796,0
57.843,0
57.891,0
57.939,0
58.002,0
58.064,0
58.128,0
58.192,0
58.24,0
58.304,0
58.368,0
58.431,0
58.495,0
58.555,0
58.618,0
58.666,0
58.714,0
58.762,0
58.809,0
58.841,0
58.888,0
58.936,0
58.968,0
59.016,0
59.064,0
59.112,0
59.16,0
59.207,0
59.255,0
59.303,0
59.351,0
59.399,0
59.447,0
59.479,0
59.527,0
59.574,0
59.622,0
59.654,0
59.701,0
59.733,0
59.781,0
59.829,0
59.861,0
59.909,0
59.957,0
60.004,0
60.036,0
60.084,0
60.132,0
60.179,0
60.21,0
60.242,0
60.274,0
60.306,0
60.338,0
60.369,0
60.401,0
60.449,0
60.497,0
60.529,0
60.577,0
60.625,0
60.656,0
60.719,0
60.783,0
60.847,0
60.91,0
60.958,0
61.006,0
61.07,0
61.117,0
61.18,0
61.243,0
61.307,0
61.371,0
61.418,0
61.48,0
61.512,0
61.544,0
61.607,0
61.639,0
61.671,0
61.718,0
61.765,0
61.813,0
61.845,0
61.877,0
61.925,0
61.971,0
62.003,0
62.051,0
62.099,0
62.146,0
62.178,0
62.226,0
62.257,0
62.289,0
62.32,0
62.368,0
62.4,0
62.432,0
62.48,0
62.527,0
62.543,0
62.591,0
62.639,0
62.687,0
62.75,0
62.798,0
62.862,0
62.91,0
62.974,0
63.022,0
63.069,0
63.117,0
63.165,0
63.228,0
63.275,0
63.339,0
63.402,0
63.45,0
63.498,0
63.562,0
63.624,0
63.671,0
63.735,0
63.799,0
63.847,0
63.895,0
63.959,0
63.991,0
64.037,0
64.084,0
64.132,0
64.18,0
64.227,0
64.259,0
64.291,0
64.323,0
64.371,0
64.403,0
64.433,0
64.449,0
64.497,0
64.545,0
64.593,0
64.625,0
64.656,0
64.687,0
64.718,0
64.766,0
64.814,0
64.846,0
64.877,0
64.925,0
64.957,0
64.989,0
65.037,0
65.069,0
65.117,0
65.181,0
65.243,0
65.275,0
65.323,0
65.387,0
65.435,0
65.499,0
65.531,0
65.579,0
65.626,0
65.674,0
65.722,0
65.77,0
65.817,0
65.865,0
65.913,0
65.976,0
66.04,0
66.087,0
66.135,0
66.183,0
66.231,0
66.279,0
66.343,0
66.39,0
66.438,0
66.486,0
66.518,0
66.581,0
66.628,0
66.66,0
66.708,0
66.756,0
66.804,0
66.836,0
66.884,0
66.916,0
66.947,0
66.979,0
67.027,0
67.059,0
67.107,0
67.139,0
67.171,0
67.219,0
67.251,0
67.283,0
67.331,0
67.378,0
67.426,0
67.474,0
67.521,0
67.569,0
67.585,0
67.633,0
67.68,0
67.712,0
67.76,0
67.792,0
67.824,0
67.84,0
67.872,0
67.903,0
67.951,0
67.983,0
68.031,0
68.079,0
68.126,0
68.174,0
68.206,0
68.253,0
68.285,0
68.317,0
68.365,0
68.397,0
68.429,0
68.477,0
68.525,0
68.557,0
68.605,0
68.652,0
68.7,0
68.748,0
68.78,0
68.812,0
68.86,0
68.908,0
68.94,0
68.988,0
69.018,0
69.066,0
69.113,0
69.177,0
69.24,0
69.304,0
69.351,0
69.398,0
69.446,0
69.51,0
69.558,0
69.606,0
69.654,0
69.718,0
69.781,0
69.828,0
69.892,0
69.94,0
69.988,0
70.052,0
70.099,0
70.13,0
70.178,0
70.226,0
70.29,0
70.322,0
70.37,0
70.418,0
70.466,0
70.513,0
70.561,0
70.609,0
70.656,0
70.704,0
70.736,0
70.784,0
70.816,0
70.848,0
70.878,0
70.91,0
70.942,0
70.99,0
71.022,0
71.054,0
71.07,0
71.102,0
71.134,0
71.166,0
71.214,0
71.245,0
71.261,0
71.309,0
71.34,0
71.372,0
71.42,0
71.452,0
71.499,0
71.531,0
71.562,0
71.61,0
71.657,0
71.688,0
71.736,0
71.784,0
71.816,0
71.863,0
71.927,0
71.991,0
72.038,0
72.086,0
72.15,0
72.214,0
72.262,0
72.31,0
72.373,0
72.421,0
72.485,0
72.533,0
72.581,0
72.629,0
72.66,0
72.708,0
72.755,0
72.803,0
72.851,0
72.915,0
72.979,0
73.043,0
73.075,0
73.123,0
73.186,0
73.25,0
73.314,0
73.378,0
73.441,0
73.489,0
73.551,0
73.599,0
73.662,0
73.71,0
73.758,0
73.806,0
73.838,0
73.885,0
73.917,0
73.949,0
73.997,0
74.029,0
74.061,0
74.109,0
74.141,0
74.173,0
74.204,0
74.236,0
74.283,0
74.315,0
74.363,0
74.41,0
74.458,0
74.505,0
74.537,0
74.569,0
74.601,0
74.632,0
74.68,0
74.728,0
74.776,0
74.808,0
74.84,0
74.872,0
74.92,0
74.968,0
75.015,0
75.063,0
75.111,0
75.159,0
75.207,0
75.254,0
75.286,0
75.318,0
75.35,0
75.381,0
75.429,0
75.477,0
75.525,0
75.588,0
75.652,0
75.7,0
75.747,0
75.811,0
75.875,0
75.939,0
75.987,0
76.051,0
76.114,0
76.178,0
76.242,0
76.306,0
76.37,0
76.433,0
76.48,0
76.528,0
76.576,0
76.64,0
76.704,0
76.751,0
76.815,0
76.878,0
76.926,0
76.99,0
77.054,0
77.102,0
77.166,0
77.214,0
77.261,0
77.325,0
77.388,0
77.452,0
77.483,0
77.531,0
77.579,0
77.61,0
77.642,0
77.689,0
77.735,0
77.767,0
77.799,0
77.831,0
77.863,0
77.911,0
77.959,0
78.006,0
78.052,0
78.1,0
78.148,0
78.196,0
78.244,0
78.292,0
78.34,0
78.387,0
78.419,0
78.467,0
78.499,0
78.547,0
78.595,0
78.627,0
78.675,0
78.723,0
78.754,0
78.786,0
78.818,0
78.866,0
78.93,0
78.994,0
79.058,0
79.121,0
79.153,0
79.217,0
79.264,0
79.328,0
79.392,0
79.456,0
79.519,0
79.567,0
79.631,0
79.679,0
79.743,0
79.791,0
79.839,0
79.902,0
79.966,0
80.03,0
80.078,0
80.126,0
80.174,0
80.222,0
80.285,0
80.349,0
80.397,0
80.46,0
80.508,0
80.572,0
80.62,0
80.667,0
80.715,0
80.778,0
80.842,0
80.89,0
80.954,0
81.001,0
81.033,0
81.065,0
81.113,0
81.145,0
81.177,0
81.225,0
81.257,0
81.305,0
81.336,0
81.383,0
81.431,0
81.479,0
81.51,0
81.558,0
81.59,0
81.638,0
81.67,0
81.717,0
81.749,0
81.797,0
81.829,0
81.877,0
81.925,0
81.956,0
82.004,0
82.052,0
82.099,0
82.131,0
82.163,0
82.195,0
82.243,0
82.275,0
82.322,0
82.369,0
82.417,0
82.465,0
82.513,0
82.561,0
82.593,0
82.641,0
82.671,0
82.719,0
82.767,0
82.799,0
82.847,0
82.911,0
82.959,0
83.023,0
83.086,0
83.134,0
83.197,0
83.245,0
83.309,0
83.373,0
83.42,0
83.484,0
83.532,0
83.58,0
83.644,0
83.708,0
83.771,0
83.819,0
83.882,0
83.946,0
83.994,0
84.042,0
84.105,0
84.153,0
84.201,0
84.264,0
84.328,0
84.392,0
84.456,0
84.52,0
84.568,0
84.615,0
84.679,0
84.743,0
84.791,0
84.839,0
84.903,0
84.951,0
85.014,0
85.062,0
85.094,0
85.141,0
85.188,0
85.236,0
85.284,0
85.33,0
85.377,0
85.425,0
85.473,0
85.521,0
85.553,0
85.601,0
85.649,0
85.681,0
85.728,0
85.759,0
85.807,0
85.855,0
85.903,0
85.935,0
85.967,0
86.015,0
86.063,0
86.11,0
86.158,0
86.19,0
86.238,0
86.286,0
86.334,0
86.382,0
86.43,0
86.477,0
86.525,0
86.556,0
86.604,0
86.652,0
86.7,0
86.764,0
86.812,0
86.875,0
86.923,0
86.987,0
87.035,0
87.099,0
87.163,0
87.225,0
87.288,0
87.351,0
87.399,0
87.463,0
87.526,0
87.574,0
87.637,0
87.685,0
87.749,0
87.797,0
87.861,0
87.909,0
87.972,0
88.036,0
88.1,0
88.148,0
88.196,0
88.244,0
88.308,0
88.355,0
88.402,0
88.45,0
88.482,0
88.53,0
88.562,0
88.61,0
88.657,0
88.689,0
88.736,0
88.768,0
88.815,0
88.863,0
88.895,0
88.927,0
88.975,0
89.007,0
89.039,0
89.071,0
89.118,0
89.165,0
89.212,0
89.259,0
89.291,0
89.307,0
89.339,0
89.371,0
89.418,0
89.45,0
89.497,0
89.561,0
89.625,0
89.688,0
89.751,0
89.815,0
89.862,0
89.925,0
89.973,0
90.021,0
90.085,0
90.133,0
90.197,0
90.26,0
90.324,0
90.388,0
90.436,0
90.483,0
90.531,0
90.579,0
90.626,0
90.69,0
90.754,0
90.802,0
90.866,0
90.913,0
90.944,0
90.975,0
91.023,0
91.071,0
91.119,0
91.167,0
91.215,0
91.247,0
91.295,0
91.342,0
91.39,0
91.438,0
91.47,0
91.518,0
91.566,0
91.598,0
91.646,0
91.694,0
91.741,0
91.773,0
91.82,0
91.851,0
91.882,0
91.93,0
91.962,0
92.01,0
92.042,0
92.089,0
92.137,0
92.169,0
92.217,0
92.248,0
92.296,0
92.328,0
92.36,0
92.408,0
92.44,0
92.503,0
92.567,0
92.615,0
92.678,0
92.726,0
92.79,0
92.853,0
92.916,0
92.979,0
93.043,0
93.106,0
93.154,0
93.201,0
93.249,0
93.297,0
93.344,0
93.407,0
93.439,0
93.487,0
93.518,0
93.565,0
93.612,0
93.66,0
93.708,0
93.755,0
93.803,0
93.835,0
93.882,0
93.93,0
93.976,0
94.024,0
94.072,0
94.104,0
94.136,0
94.168,0
94.2,0
94.248,0
94.296,0
94.343,0
94.375,0
94.423,0
94.455,0
94.487,0
94.535,0
94.583,0
94.631,0
94.663,0
94.71,0
94.742,0
94.79,0
94.822,0
94.854,0
94.902,0
94.948,0
95.012,0
95.075,0
95.139,0
95.203,0
95.251,0
95.315,0
95.379,0
95.443,0
95.505,0
95.569,0
95.617,0
95.681,0
95.745,0
95.809,0
95.872,0
95.92,0
95.984,0
96.032,0
96.079,0
96.143,0
96.19,0
96.238,0
96.286,0
96.35,0
96.414,0
96.478,0
96.526,0
96.573,0
96.637,0
96.685,0
96.733,0
96.781,0
96.829,0
96.877,0
96.925,0
96.956,0
96.988,0
97.036,0
97.084,0
97.116,0
97.164,0
97.196,0
97.244,0
97.276,0
97.308,0
97.355,0
97.387,0
97.435,0
97.483,0
97.531,0
97.563,0
97.595,0
97.642,0
97.689,0
97.721,0
97.768,0
97.8,0
97.848,0
97.896,0
97.944,0
97.992,0
98.039,0
98.07,0
98.118,0
98.166,0
98.214,0
98.278,0
98.326,0
98.374,0
98.422,0
98.469,0
98.501,0
98.549,0
98.597,0
98.629,0
98.661,0
98.693,0
98.74,0
98.788,0
98.804,0
98.852,0
98.9,0
98.947,0
98.979,0
98.995,0
99.027,0
99.075,0
99.123,0
99.171,0
99.219,0
99.267,0
99.314,0
99.346,0
99.378,0
99.41,0
99.458,0
99.506,0
99.538,0
99.602,0
99.666,0
99.712,0
99.776,0
99.808,0
99.871,0
99.919,0
99.967,0
99.998,0
100.061,0
100.124,0
100.188,0
100.251,0
100.299,0
100.363,0
100.426,0
100.49,0
100.538,0
100.57,0
100.634,0
100.666,0
100.714,0
100.762,0
100.809,0
100.856,0
100.888,0
100.92,0
100.968,0
101.0,0
101.048,0
101.08,0
101.128,0
101.175,0
101.223,0
101.255,0
101.303,0
101.351,0
101.399,0
101.447,0
101.479,0
101.527,0
101.574,0
101.605,0
101.653,0
101.7,0
101.748,0
101.78,0
101.828,0
101.876,0
101.924,0
101.97,0
102.018,0
102.065,0
102.111,0
102.159,0
102.223,0
102.287,0
102.35,0
102.414,0
102.477,0
102.54,0
102.604,0
102.652,0
102.714,0
102.762,0
102.826,0
102.889,0
102.953,0
103.001,0
103.064,0
103.11,0
103.157,0
103.205,0
103.237,0
103.284,0
103.332,0
103.364,0
103.411,0
103.458,0
103.506,0
103.537,0
103.585,0
103.617,0
103.662,0
103.726,0
103.774,0
103.838,0
103.902,0
103.966,0
104.03,0
104.092,0
104.155,0
104.219,0
104.282,0
104.33,0
104.394,0
104.441,0
104.505,0
104.569,0
104.633,0
104.697,0
104.761,0
104.793,0
104.855,0
104.919,0
104.983,0
105.047,0
105.111,0
105.174,0
105.205,0
105.253,0
105.285,0
105.332,0
105.379,0
105.426,0
105.474,0
105.522,0
105.569,0
105.601,0
105.632,0
105.68,0
105.728,0
105.76,0
105.791,0
105.839,0
105.886,0
105.934,0
105.965,0
106.028,0
106.076,0
106.14,0
106.187,0
106.25,0
106.313,0
106.377,0
106.424,0
106.488,0
106.536,0
106.6,0
106.662,0
106.709,0
106.74,0
106.786,0
106.834,0
106.866,0
106.914,0
106.962,0
107.01,0
107.058,0
107.106,0
107.122,0
107.154,0
107.185,0
107.233,0
107.294,0
107.326,0
107.374,0
107.422,0
107.47,0
107.518,0
107.549,0
107.597,0
107.645,0
107.692,0
107.724,0
107.786,0
107.848,0
107.912,0
107.96,0
108.023,0
108.086,0
108.149,0
108.212,0
108.26,0
108.307,0
108.355,0
108.402,0
108.45,0
108.482,0
108.513,0
108.545,0
108.593,0
108.64,0
108.688,0
108.736,0
108.784,0
108.816,0
108.848,0
108.896,0
108.927,0
108.975,0
109.006,0
109.054,0
109.102,0
109.15,0
109.197,0
109.229,0
109.277,0
109.309,0
109.357,0
109.388,0
109.436,0
109.483,0
109.531,0
109.579,0
109.611,0
109.659,0
109.691,0
109.723,0
109.755,0
109.786,0
109.818,0
109.881,0
109.944,0
109.992,0
110.056,0
110.12,0
110.183,0
110.231,0
110.295,0
110.343,0
110.407,0
110.471,0
110.534,0
110.596,0
110.644,0
110.708,0
110.756,0
110.82,0
110.882,0
110.946,0
111.01,0
111.074,0
111.138,0
111.17,0
111.218,0
111.265,0
111.313,0
111.345,0
111.393,0
111.44,0
111.472,0
111.52,0
111.568,0
111.616,0
111.647,0
111.695,0
111.743,0
111.79,0
111.838,0
111.87,0
111.902,0
111.95,0
111.998,0
112.045,0
112.093,0
112.124,0
112.172,0
112.219,0
112.251,0
112.299,0
112.347,0
112.394,0
112.442,0
112.474,0
112.506,0
112.554,0
112.586,0
112.634,0
112.681,0
112.729,0
112.76,0
112.808,0
112.84,0
112.888,0
112.92,0
112.966,0
113.014,0
113.078,0
113.141,0
113.189,0
113.237,0
113.285,0
113.333,0
113.38,0
113.444,0
113.508,0
113.571,0
113.635,0
113.698,0
113.762,0
113.81,0
113.873,0
113.935,0
113.999,0
114.047,0
114.079,0
114.127,0
114.175,0
114.223,0
114.269,0
114.317,0
114.349,0
114.397,0
114.445,0
114.493,0
114.541,0
114.589,0
114.636,0
114.668,0
114.716,0
114.764,0
114.796,0
114.844,0
114.892,0
114.94,0
114.988,0
115.035,0
115.067,0
115.099,0
115.147,0
115.195,0
115.243,0
115.291,0
115.339,0
115.371,0
115.418,0
115.465,0
115.513,0
115.545,0
115.593,0
115.641,0
115.689,0
115.737,0
115.784,0
115.832,0
115.88,0
115.912,0
115.959,0
116.007,0
116.055,0
116.103,0
116.134,0
116.182,0
116.214,0
116.246,0
116.293,0
116.325,0
116.387,0
116.434,0
116.497,0
116.561,0
116.625,0
116.687,0
116.751,0
116.815,0
116.863,0
116.926,0
116.99,0
117.054,0
117.118,0
117.166,0
117.23,0
117.293,0
117.357,0
117.421,0
117.485,0
117.549,0
117.581,0
117.613,0
117.66,0
117.676,0
117.723,0
117.771,0
117.819,0
117.867,0
117.915,0
117.963,0
117.994,0
118.042,0
118.09,0
118.122,0
118.17,0
118.218,0
118.266,0
118.314,0
118.346,0
118.393,0
118.441,0
118.489,0
118.537,0
118.585,0
118.617,0
118.665,0
118.713,0
118.76,0
118.808,0
118.856,0
118.872,0
118.904,0
118.952,0
119.0,0
119.048,0
119.08,0
119.111,0
119.159,0
119.207,0
119.255,0
119.303,0
119.351,0
119.399,0
119.447,0
119.479,0
119.526,0
119.574,0
119.622,0
119.67,0
119.718,0
119.75,0
119.798,0
119.83,0
119.877,0
119.909,0
119.957,0
120.005,0
