tijd,meetwaarde
0.059,0
0.107,0
0.155,0
0.201,0
0.233,0
0.263,0
0.31,0
0.357,0
0.405,0
0.453,0
0.484,0
0.531,0
0.578,0
0.625,0
0.689,0
0.752,0
0.814,0
0.878,0
0.941,0
1.003,0
1.051,0
1.099,0
1.147,0
1.195,0
1.243,0
1.291,0
1.338,0
1.37,0
1.402,0
1.45,0
1.498,0
1.546,0
1.578,0
1.626,0
1.674,0
1.721,0
1.753,0
1.8,0
1.848,0
1.896,0
1.944,0
1.976,0
2.024,0
2.056,0
2.086,0
2.133,0
2.181,0
2.229,0
2.276,0
2.324,0
2.356,0
2.402,0
2.465,0
2.513,0
2.561,0
2.625,0
2.673,0
2.736,0
2.783,0
2.829,0
2.892,0
2.94,0
2.988,0
3.036,0
3.1,0
3.147,0
3.194,0
3.242,0
3.306,0
3.354,0
3.402,0
3.45,0
3.482,0
3.53,0
3.577,0
3.609,0
3.657,0
3.705,0
3.751,0
3.799,0
3.847,0
3.879,0
3.91,0
3.956,0
4.003,0
4.05,0
4.098,0
4.146,0
4.194,0
4.226,0
4.258,0
4.306,0
4.352,0
4.4,0
4.448,0
4.511,0
4.575,0
4.639,0
4.687,0
4.747,0
4.811,0
4.859,0
4.923,0
4.987,0
5.051,0
5.114,0
5.178,0
5.242,0
5.304,0
5.352,0
5.4,0
5.447,0
5.479,0
5.51,0
5.526,0
5.574,0
5.606,0
5.637,0
5.669,0
5.717,0
5.749,0
5.781,0
5.828,0
5.875,0
5.906,0
5.954,0
6.002,0
6.05,0
6.098,0
6.129,0
6.176,0
6.223,0
6.255,0
6.286,0
6.333,0
6.397,0
6.444,0
6.492,0
6.556,0
6.603,0
6.667,0
6.731,0
6.795,0
6.857,0
6.92,0
6.968,0
7.016,0
7.079,0
7.127,0
7.159,0
7.191,0
7.223,0
7.271,0
7.302,0
7.349,0
7.397,0
7.413,0
7.461,0
7.477,0
7.493,0
7.541,0
7.573,0
7.62,0
7.668,0
7.715,0
7.763,0
7.811,0
7.843,0
7.891,0
7.938,0
7.97,0
8.016,0
8.063,0
8.111,0
8.143,0
8.191,0
8.223,0
8.271,0
8.319,0
8.351,0
8.383,0
8.415,0
8.446,0
8.494,0
8.526,0
8.558,0
8.59,0
8.621,0
8.653,0
8.685,0
8.748,0
8.811,0
8.874,0
8.937,0
8.985,0
9.049,0
9.097,0
9.161,0
9.207,0
9.271,0
9.335,0
9.399,0
9.463,0
9.527,0
9.574,0
9.638,0
9.702,0
9.766,0
9.83,0
9.894,0
9.941,0
9.989,0
10.053,0
10.1,0
10.132,0
10.18,0
10.212,0
10.259,0
10.306,0
10.354,0
10.402,0
10.449,0
10.481,0
10.497,0
10.528,0
10.576,0
10.607,0
10.654,0
10.701,0
10.748,0
10.78,0
10.828,0
10.876,0
10.908,0
10.924,0
10.94,0
10.972,0
11.004,0
11.051,0
11.099,0
11.131,0
11.179,0
11.227,0
11.275,0
11.307,0
11.355,0
11.403,0
11.45,0
11.497,0
11.544,0
11.608,0
11.656,0
11.704,0
11.768,0
11.831,0
11.879,0
11.943,0
11.991,0
12.039,0
12.102,0
12.151,0
12.197,0
12.244,0
12.277,0
12.324,0
12.373,0
12.42,0
12.484,0
12.532,0
12.595,0
12.643,0
12.691,0
12.739,0
12.802,0
12.85,0
12.882,206
12.929,4084
12.977,12477
13.009,17013
13.041,18609
13.073,19507
13.136,19858
13.168,19584
13.215,19175
13.247,18377
13.279,17753
13.326,17147
13.374,16285
13.406,14768
13.438,11637
13.47,8728
13.502,6416
13.55,4801
13.582,3072
13.63,2298
13.66,1476
13.707,1118
13.754,713
13.802,451
13.818,263
13.866,214
13.914,107
13.962,21
14.009,0
14.071,0
14.135,0
14.198,0
14.261,0
14.307,0
14.37,0
14.433,0
14.497,0
14.529,0
14.593,0
14.641,0
14.689,0
14.721,0
14.753,0
14.784,0
14.816,0
14.864,0
14.88,0
14.896,0
14.928,0
14.96,0
15.008,0
15.04,0
15.071,0
15.118,0
15.149,0
15.181,0
15.229,0
15.261,0
15.293,0
15.324,0
15.355,0
15.403,0
15.451,0
15.499,0
15.53,0
15.577,0
15.609,0
15.656,0
15.703,0
15.751,0
15.799,0
15.846,0
15.91,0
15.957,0
16.004,0
16.052,0
16.115,0
16.147,0
16.194,0
16.257,0
16.304,0
16.368,0
16.432,0
16.496,0
16.56,0
16.607,0
16.639,0
16.654,0
16.685,0
16.732,0
16.764,0
16.812,0
16.844,0
16.891,0
16.923,0
16.955,0
16.986,0
17.034,0
17.081,0
17.113,0
17.161,0
17.193,0
17.225,0
17.272,0
17.32,0
17.368,0
17.415,0
17.463,0
17.495,0
17.543,0
17.591,0
17.639,0
17.687,0
17.735,0
17.782,0
17.83,0
17.878,0
17.91,0
17.942,0
17.99,0
18.038,0
18.054,0
18.102,0
18.15,0
18.197,0
18.245,0
18.293,0
18.357,0
18.421,0
18.469,0
18.532,0
18.596,0
18.66,0
18.724,0
18.788,0
18.836,0
18.899,0
18.947,0
19.011,0
19.075,0
19.139,0
19.187,0
19.251,0
19.314,0
19.362,0
19.41,0
19.458,0
19.522,0
19.586,0
19.633,0
19.696,0
19.744,0
19.808,0
19.856,0
19.92,0
19.968,0
20.015,0
20.047,0
20.095,0
20.143,0
20.175,0
20.223,0
20.287,0
20.335,0
20.398,0
20.445,0
20.509,0
20.557,0
20.62,0
20.668,0
20.7,0
20.747,0
20.792,0
20.84,0
20.872,0
20.92,0
20.952,0
21.0,0
21.047,0
21.079,0
21.111,0
21.143,0
21.174,0
21.206,0
21.238,0
21.27,0
21.286,0
21.334,0
21.382,0
21.43,0
21.462,0
21.494,0
21.525,0
21.557,0
21.589,0
21.605,0
21.621,0
21.653,0
21.701,0
21.733,0
21.781,0
21.813,0
21.845,0
21.877,0
21.908,0
21.956,0
22.004,0
22.052,0
22.1,0
22.131,0
22.163,0
22.211,0
22.227,0
22.258,0
22.274,0
22.29,0
22.322,0
22.37,0
22.386,0
22.418,0
22.45,0
22.498,0
22.546,0
22.61,0
22.673,0
22.737,0
22.784,0
22.832,0
22.896,0
22.96,0
23.023,0
23.087,0
23.119,0
23.183,0
23.247,0
23.311,0
23.375,0
23.422,0
23.454,0
23.517,0
23.581,0
23.645,0
23.693,0
23.757,0
23.804,0
23.852,0
23.9,0
23.963,0
24.027,0
24.075,0
24.139,0
24.202,0
24.25,0
24.314,0
24.377,0
24.409,0
24.471,0
24.518,0
24.55,0
24.598,0
24.63,0
24.662,0
24.678,0
24.726,0
24.773,0
24.805,0
24.837,0
24.884,0
24.915,0
24.931,0
24.979,0
25.011,0
25.059,0
25.091,0
25.139,0
25.171,0
25.219,0
25.251,0
25.266,0
25.298,0
25.346,0
25.378,0
25.426,0
25.458,0
25.506,0
25.538,0
25.569,0
25.617,0
25.648,0
25.68,0
25.728,0
25.76,0
25.808,0
25.84,0
25.872,0
25.904,0
25.936,0
25.968,0
26.03,0
26.078,0
26.125,0
26.189,0
26.253,0
26.315,0
26.347,0
26.379,0
26.426,0
26.474,0
26.522,0
26.554,0
26.618,0
26.682,0
26.746,0
26.777,0
26.824,0
26.888,0
26.92,0
26.968,0
27.031,0
27.063,0
27.095,0
27.111,0
27.142,0
27.19,0
27.206,0
27.238,0
27.27,0
27.318,0
27.35,0
27.382,0
27.43,0
27.478,0
27.509,0
27.557,0
27.589,0
27.62,0
27.652,0
27.7,0
27.732,0
27.764,0
27.812,0
27.844,0
27.889,0
27.921,0
27.969,0
28.017,0
28.065,0
28.113,0
28.145,0
28.193,0
28.241,0
28.287,0
28.335,0
28.383,0
28.415,0
28.446,0
28.478,0
28.51,0
28.526,0
28.558,0
28.59,0
28.622,0
28.653,0
28.701,0
28.717,0
28.765,0
28.797,0
28.845,0
28.893,0
28.925,0
28.973,0
29.036,0
29.084,0
29.148,0
29.212,0
29.275,0
29.339,0
29.401,0
29.465,0
29.528,0
29.592,0
29.639,0
29.687,0
29.719,0
29.782,0
29.846,0
29.894,0
29.942,0
29.99,0
30.038,0
30.086,0
30.132,0
30.164,0
30.195,0
30.227,0
30.243,0
30.291,0
30.307,0
30.339,0
30.371,0
30.403,0
30.451,0
30.467,0
30.483,0
30.53,0
30.562,0
30.61,0
30.658,0
30.69,0
30.722,0
30.754,0
30.786,0
30.818,0
30.866,0
30.912,0
30.944,0
30.992,0
31.024,0
31.071,0
31.103,0
31.135,0
31.166,0
31.198,0
31.245,0
31.293,0
31.341,0
31.389,0
31.437,0
31.469,0
31.517,0
31.548,0
31.58,0
31.611,0
31.658,0
31.722,0
31.754,0
31.802,0
31.85,0
31.898,0
31.961,0
32.024,0
32.086,0
32.133,0
32.181,0
32.245,0
32.309,0
32.372,0
32.436,0
32.484,0
32.532,0
32.564,0
32.612,0
32.66,0
32.708,0
32.755,0
32.787,0
32.835,0
32.899,0
32.963,0
33.011,0
33.075,0
33.122,0
33.17,0
33.234,0
33.298,0
33.346,0
33.378,0
33.426,0
33.458,0
33.474,0
33.521,0
33.569,0
33.617,0
33.664,0
33.696,0
33.743,0
33.775,0
33.823,0
33.87,0
33.918,0
33.965,0
34.013,0
34.061,0
34.092,0
34.14,0
34.188,0
34.22,0
34.267,0
34.315,0
34.363,0
34.411,0
34.443,0
34.475,0
34.507,0
34.539,0
34.571,0
34.618,0
34.666,0
34.698,0
34.745,0
34.792,0
34.84,0
34.888,0
34.904,0
34.967,0
35.029,0
35.093,0
35.157,0
35.203,0
35.234,0
35.298,0
35.346,0
35.393,0
35.441,0
35.489,0
35.553,0
35.601,0
35.649,0
35.697,0
35.759,0
35.807,0
35.855,0
35.903,0
35.935,0
35.967,0
36.014,0
36.029,0
36.061,0
36.093,0
36.14,0
36.188,0
36.235,0
36.283,0
36.33,0
36.377,0
36.409,0
36.441,0
36.488,0
36.504,0
36.536,0
36.584,0
36.615,0
36.663,0
36.726,0
36.79,0
36.853,0
36.901,0
36.965,0
37.012,0
37.06,0
37.108,0
37.156,0
37.204,0
37.267,0
37.315,0
37.363,0
37.411,0
37.443,0
37.507,0
37.571,0
37.634,0
37.698,0
37.761,0
37.825,0
37.873,0
37.921,0
37.983,0
38.046,0
38.078,0
38.126,0
38.158,0
38.174,0
38.221,0
38.253,0
38.284,0
38.3,0
38.347,0
38.395,0
38.427,0
38.475,0
38.523,0
38.554,0
38.586,0
38.618,0
38.666,0
38.713,0
38.76,0
38.792,0
38.84,0
38.856,0
38.904,0
38.952,0
38.999,0
39.047,0
39.079,0
39.126,0
39.174,0
39.22,0
39.267,0
39.313,0
39.377,0
39.425,0
39.488,0
39.536,0
39.6,0
39.662,0
39.71,0
39.758,0
39.805,0
39.85,0
39.896,0
39.944,0
39.992,0
40.04,0
40.087,0
40.119,0
40.167,0
40.214,0
40.245,0
40.277,0
40.325,0
40.372,0
40.404,0
40.436,0
40.484,0
40.531,0
40.579,0
40.642,0
40.706,0
40.754,0
40.818,0
40.866,0
40.929,0
40.992,0
41.056,0
41.104,0
41.152,0
41.2,0
41.247,0
41.311,0
41.374,0
41.422,0
41.486,0
41.55,0
41.614,0
41.678,0
41.74,0
41.788,0
41.836,0
41.9,0
41.947,0
41.995,0
42.027,0
42.074,0
42.105,0
42.154,0
42.201,0
42.249,0
42.281,0
42.329,0
42.377,0
42.425,0
42.472,0
42.52,0
42.552,0
42.6,0
42.648,0
42.696,0
42.743,0
42.79,0
42.838,0
42.885,0
42.932,0
42.98,0
43.028,0
43.076,0
43.108,0
43.156,0
43.203,0
43.25,0
43.265,0
43.313,0
43.345,0
43.376,0
43.439,0
43.487,0
43.551,0
43.614,0
43.646,0
43.71,0
43.774,0
43.838,0
43.901,0
43.948,0
44.01,0
44.059,0
44.121,0
44.169,0
44.217,0
44.248,0
44.296,0
44.313,0
44.343,0
44.391,0
44.439,0
44.487,0
44.535,0
44.567,0
44.615,0
44.663,0
44.709,0
44.726,0
44.757,0
44.805,0
44.853,0
44.901,0
44.949,0
44.997,0
45.045,0
45.092,0
45.14,0
45.188,0
45.204,0
45.236,0
45.284,0
45.315,0
45.363,0
45.395,0
45.426,0
45.457,0
45.488,0
45.536,0
45.567,0
45.583,0
45.647,0
45.694,0
45.758,0
45.822,0
45.885,0
45.931,0
45.979,0
46.042,0
46.106,0
46.17,0
46.201,0
46.264,0
46.328,0
46.392,0
46.455,0
46.503,0
46.535,0
46.567,0
46.63,0
46.678,0
46.709,0
46.741,0
46.773,0
46.821,0
46.853,0
46.9,0
46.947,0
46.995,0
47.026,0
47.058,0
47.106,0
47.154,0
47.186,0
47.233,0
47.265,0
47.313,0
47.36,0
47.392,0
47.441,0
47.488,0
47.536,0
47.584,0
47.631,0
47.679,0
47.726,0
47.774,0
47.79,0
47.838,0
47.886,0
47.919,0
47.966,0
47.998,0
48.046,0
48.077,0
48.125,0
48.189,0
48.253,0
48.317,0
48.348,0
48.412,0
48.459,0
48.523,0
48.587,0
48.651,0
48.715,0
48.763,0
48.826,0
48.89,0
48.954,0
49.018,0
49.05,0
49.097,0
49.161,0
49.224,0
49.288,0
49.336,0
49.4,0
49.464,0
49.511,0
49.574,0
49.638,0
49.685,0
49.749,0
49.796,0
49.844,0
49.892,0
49.924,0
49.955,0
50.003,0
50.051,0
50.099,0
50.131,0
50.179,0
50.21,0
50.242,0
50.274,0
50.306,0
50.352,0
50.4,0
50.432,0
50.478,0
50.527,0
50.558,0
50.59,0
50.622,0
50.67,0
50.716,0
50.733,0
50.764,0
50.796,0
50.828,0
50.876,0
50.924,0
50.972,0
51.02,0
51.068,0
51.099,0
51.147,0
51.195,0
51.244,0
51.291,0
51.354,0
51.418,0
51.465,0
51.528,0
51.592,0
51.624,0
51.688,0
51.753,0
51.813,0
51.876,0
51.939,0
51.987,0
52.035,0
52.083,0
52.13,0
52.162,0
52.193,0
52.225,0
52.257,0
52.305,0
52.353,0
52.4,0
52.447,0
52.495,0
52.543,0
52.574,0
52.622,0
52.67,0
52.718,0
52.766,0
52.798,0
52.83,0
52.862,0
52.894,0
52.941,0
52.989,0
53.037,0
53.069,0
53.117,0
53.165,0
53.212,0
53.26,0
53.293,0
53.323,0
53.355,0
53.404,0
53.451,0
53.483,0
53.531,0
53.579,0
53.627,0
53.659,0
53.69,0
53.737,0
53.785,0
53.833,0
53.881,0
53.913,0
53.961,0
54.009,0
54.026,0
54.087,0
54.135,0
54.199,0
54.263,0
54.327,0
54.391,0
54.454,0
54.517,0
54.581,0
54.645,0
54.709,0
54.773,0
54.82,0
54.884,0
54.947,0
55.01,0
55.058,0
55.106,0
55.17,0
55.217,0
55.265,0
55.313,0
55.377,0
55.425,0
55.489,0
55.552,0
55.584,0
55.632,0
55.68,0
55.727,0
55.775,0
55.823,0
55.871,0
55.887,0
55.934,0
55.966,0
55.997,0
56.044,0
56.092,0
56.124,0
56.14,0
56.188,0
56.22,0
56.268,0
56.284,0
56.331,0
56.379,0
56.426,0
56.458,0
56.49,0
56.538,0
56.57,0
56.602,0
56.65,0
56.697,0
56.745,0
56.777,0
56.808,0
56.84,0
56.856,0
56.888,0
56.936,0
56.984,0
57.015,0
57.076,0
57.14,0
57.204,0
57.252,0
57.3,0
57.362,0
57.41,0
57.457,0
57.521,0
57.553,0
57.617,0
57.68,0
57.743,0
57.805,0
57.853,0
57.885,0
57.933,0
57.981,0
58.013,0
58.044,0
58.091,0
58.123,0
58.17,0
58.186,0
58.218,0
58.266,0
58.297,0
58.345,0
58.377,0
58.409,0
58.441,0
58.489,0
58.537,0
58.584,0
58.632,0
58.68,0
58.696,0
58.727,0
58.759,0
58.79,0
58.821,0
58.852,0
58.9,0
58.962,0
59.01,0
59.058,0
59.122,0
59.17,0
59.234,0
59.297,0
59.361,0
59.425,0
59.473,0
59.537,0
59.601,0
59.664,0
59.728,0
59.792,0
59.856,0
59.904,0
59.968,0
60.016,0
60.079,0
60.143,0
60.207,0
60.271,0
60.335,0
60.399,0
60.462,0
60.526,0
60.589,0
60.653,0
60.717,0
60.765,0
60.827,0
60.859,0
60.891,0
60.923,0
60.97,0
61.002,0
61.05,0
61.098,0
61.146,0
61.193,0
61.241,0
61.289,0
61.321,0
61.369,0
61.401,0
61.433,0
61.449,0
61.481,0
61.529,0
61.576,0
61.608,0
61.656,0
61.704,0
61.736,0
61.768,0
61.815,0
61.847,0
61.879,0
61.911,0
61.958,0
62.006,0
62.054,0
62.086,0
62.134,0
62.182,0
62.23,0
62.278,0
62.309,0
62.357,0
62.405,0
62.452,0
62.5,0
62.547,0
62.579,0
62.627,0
62.689,0
62.737,0
62.801,0
62.865,0
62.928,0
62.991,0
63.039,0
63.102,0
63.166,0
63.214,0
63.262,0
63.326,0
63.39,0
63.452,0
63.516,0
63.58,0
63.644,0
63.692,0
63.74,0
63.803,0
63.866,0
63.914,0
63.962,0
64.025,0
64.073,0
64.121,0
64.153,0
64.2,0
64.248,0
64.28,0
64.327,0
64.375,0
64.406,0
64.438,0
64.486,0
64.533,0
64.58,0
64.612,0
64.644,0
64.676,0
64.724,0
64.772,0
64.804,0
64.852,0
64.9,0
64.947,0
64.995,0
65.027,0
65.075,0
65.123,0
65.171,0
65.203,0
65.251,0
65.298,0
65.346,0
65.394,0
65.426,0
65.474,0
65.522,0
65.57,0
65.618,0
65.665,0
65.713,0
65.761,0
65.792,0
65.84,0
65.888,0
65.92,0
65.967,0
66.031,0
66.078,0
66.142,0
66.19,0
66.254,0
66.318,0
66.382,0
66.429,0
66.477,0
66.541,0
66.589,0
66.653,0
66.717,0
66.781,0
66.844,0
66.892,0
66.956,0
67.02,0
67.084,0
67.148,0
67.195,0
67.259,0
67.307,0
67.371,0
67.435,0
67.498,0
67.56,0
67.608,0
67.672,0
67.72,0
67.784,0
67.847,0
67.879,0
67.926,0
67.99,0
68.023,0
68.086,0
68.134,0
68.182,0
68.23,0
68.293,0
68.341,0
68.389,0
68.436,0
68.484,0
68.515,0
68.547,0
68.595,0
68.628,0
68.673,0
68.705,0
68.753,0
68.8,0
68.848,0
68.895,0
68.927,0
68.974,0
69.021,0
69.069,0
69.117,0
69.149,0
69.212,0
69.276,0
69.34,0
69.388,0
69.435,0
69.499,0
69.562,0
69.61,0
69.658,0
69.722,0
69.784,0
69.848,0
69.912,0
69.976,0
70.04,0
70.104,0
70.167,0
70.23,0
70.294,0
70.358,0
70.406,0
70.471,0
70.533,0
70.597,0
70.644,0
70.692,0
70.756,0
70.788,0
70.82,0
70.852,0
70.884,0
70.931,0
70.947,0
70.995,0
71.043,0
71.091,0
71.154,0
71.202,0
71.25,0
71.297,0
71.345,0
71.393,0
71.441,0
71.489,0
71.537,0
71.585,0
71.632,0
71.664,0
71.696,0
71.744,0
71.792,0
71.823,0
71.87,0
71.918,0
71.95,0
71.982,0
72.029,0
72.061,0
72.093,0
72.125,0
72.171,0
72.219,0
72.251,0
72.283,0
72.315,0
72.363,0
72.41,0
72.442,0
72.49,0
72.522,0
72.57,0
72.618,0
72.666,0
72.73,0
72.792,0
72.855,0
72.903,0
72.968,0
73.015,0
73.063,0
73.096,0
73.158,0
73.205,0
73.268,0
73.317,0
73.38,0
73.444,0
73.492,0
73.554,0
73.602,0
73.648,0
73.695,0
73.727,0
73.775,0
73.823,0
73.871,0
73.918,0
73.966,0
74.014,0
74.062,0
74.11,0
74.158,0
74.204,0
74.251,0
74.283,0
74.331,0
74.363,0
74.395,0
74.443,0
74.491,0
74.539,0
74.587,0
74.619,0
74.634,0
74.682,0
74.714,0
74.761,0
74.809,0
74.858,0
74.905,0
74.953,0
74.986,0
75.032,0
75.08,0
75.112,0
75.16,0
75.208,0
75.239,0
75.303,0
75.367,0
75.43,0
75.462,0
75.526,0
75.59,0
75.638,0
75.686,0
75.75,0
75.797,0
75.844,0
75.892,0
75.955,0
76.003,0
76.051,0
76.098,0
76.145,0
76.193,0
76.24,0
76.304,0
76.352,0
76.383,0
76.431,0
76.463,0
76.51,0
76.558,0
76.606,0
76.654,0
76.702,0
76.75,0
76.782,0
76.83,0
76.862,0
76.893,0
76.925,0
76.957,0
76.973,0
76.989,0
77.036,0
77.052,0
77.068,0
77.084,0
77.1,0
77.147,0
77.179,0
77.211,0
77.259,0
77.306,0
77.338,0
77.37,0
77.402,0
77.434,0
77.466,0
77.514,0
77.53,0
77.546,0
77.594,0
77.626,0
77.673,0
77.705,0
77.753,0
77.801,0
77.849,0
77.897,0
77.945,0
77.977,0
78.008,0
78.04,0
78.088,0
78.12,0
78.152,0
78.199,0
78.247,0
78.295,0
78.343,0
78.389,0
78.421,0
78.485,0
78.549,0
78.597,0
78.629,0
78.677,0
78.74,0
78.804,0
78.868,0
78.931,0
78.979,0
79.027,0
79.075,0
79.138,0
79.201,0
79.264,0
79.326,0
79.373,0
79.421,0
79.469,0
79.515,0
79.563,0
79.611,0
79.643,0
79.691,0
79.739,0
79.756,0
79.803,0
79.849,0
79.864,0
79.912,0
79.96,0
79.992,0
80.024,0
80.071,0
80.103,0
80.151,0
80.199,0
80.246,0
80.295,0
80.342,0
80.389,0
80.421,0
80.469,0
80.517,0
80.549,0
80.597,0
80.628,0
80.676,0
80.723,0
80.771,0
80.835,0
80.898,0
80.946,0
80.994,0
81.057,0
81.121,0
81.169,0
81.233,0
81.297,0
81.345,0
81.407,0
81.455,0
81.503,0
81.567,0
81.615,0
81.679,0
81.727,0
81.79,0
81.854,0
81.902,0
81.949,0
82.013,0
82.077,0
82.14,0
82.188,0
82.252,0
82.316,0
82.364,0
82.412,0
82.46,0
82.523,0
82.555,0
82.619,0
82.652,0
82.715,0
82.747,0
82.811,0
82.842,0
82.888,0
82.92,0
82.952,0
83.0,0
83.048,0
83.08,0
83.128,0
83.176,0
83.224,0
83.271,0
83.303,0
83.35,0
83.397,0
83.429,0
83.477,0
83.509,0
83.54,0
83.588,0
83.635,0
83.683,0
83.731,0
83.763,0
83.795,0
83.827,0
83.875,0
83.923,0
83.971,0
84.018,0
84.066,0
84.113,0
84.161,0
84.193,0
84.241,0
84.289,0
84.352,0
84.416,0
84.464,0
84.528,0
84.592,0
84.655,0
84.719,0
84.766,0
84.814,0
84.878,0
84.942,0
85.006,0
85.069,0
85.132,0
85.18,0
85.244,0
85.308,0
85.371,0
85.435,0
85.497,0
85.561,0
85.625,0
85.689,0
85.737,0
85.801,0
85.863,0
85.91,0
85.941,0
85.989,0
86.02,0
86.067,0
86.115,0
86.163,0
86.211,0
86.258,0
86.29,0
86.338,0
86.37,0
86.417,0
86.465,0
86.513,0
86.561,0
86.593,0
86.64,0
86.688,0
86.736,0
86.768,0
86.815,0
86.847,0
86.895,0
86.943,0
86.99,0
87.038,0
87.085,0
87.148,0
87.196,0
87.26,0
87.324,0
87.387,0
87.418,0
87.482,0
87.545,0
87.609,0
87.657,0
87.721,0
87.784,0
87.848,0
87.911,0
87.96,0
88.023,0
88.07,0
88.117,0
88.165,0
88.197,0
88.245,0
88.293,0
88.34,0
88.388,0
88.436,0
88.482,0
88.529,0
88.577,0
88.609,0
88.657,0
88.705,0
88.753,0
88.801,0
88.848,0
88.896,0
88.944,0
88.992,0
89.024,0
89.055,0
89.087,0
89.135,0
89.183,0
89.23,0
89.262,0
89.31,0
89.358,0
89.406,0
89.453,0
89.501,0
89.549,0
89.581,0
89.644,0
89.708,0
89.772,0
89.82,0
89.884,0
89.931,0
89.993,0
90.041,0
90.089,0
90.137,0
90.185,0
90.249,0
90.297,0
90.344,0
90.408,0
90.456,0
90.52,0
90.568,0
90.615,0
90.663,0
90.71,0
90.774,0
90.822,0
90.87,0
90.918,0
90.982,0
91.03,0
91.078,0
91.109,0
91.172,0
91.22,0
91.284,0
91.332,0
91.364,0
91.412,0
91.444,0
91.475,0
91.523,0
91.555,0
91.603,0
91.635,0
91.683,0
91.715,0
91.763,0
91.811,0
91.842,0
91.89,0
91.922,0
91.97,0
92.018,0
92.066,0
92.098,0
92.146,0
92.194,0
92.225,0
92.257,0
92.305,0
92.337,0
92.385,0
92.417,0
92.465,0
92.512,0
92.56,0
92.607,0
92.655,0
92.703,0
92.751,0
92.799,0
92.847,0
92.895,0
92.942,0
92.989,0
93.021,0
93.069,0
93.101,0
93.149,0
93.181,0
93.229,0
93.261,0
93.292,0
93.34,0
93.387,0
93.435,0
93.467,0
93.515,0
93.547,0
93.595,0
93.627,0
93.675,0
93.707,0
93.738,0
93.786,0
93.834,0
93.882,0
93.93,0
93.993,0
94.057,0
94.119,0
94.183,0
94.231,0
94.294,0
94.358,0
94.422,0
94.485,0
94.549,0
94.613,0
94.677,0
94.741,0
94.789,0
94.852,0
94.916,0
94.962,0
95.025,0
95.073,0
95.137,0
95.185,0
95.232,0
95.28,0
95.328,0
95.36,0
95.392,0
95.44,0
95.487,0
95.535,0
95.582,0
95.613,0
95.661,0
95.709,0
95.741,0
95.789,0
95.821,0
95.869,0
95.917,0
95.948,0
95.995,0
96.027,0
96.075,0
96.123,0
96.139,0
96.187,0
96.235,0
96.267,0
96.315,0
96.362,0
96.41,0
96.458,0
96.49,0
96.522,0
96.57,0
96.618,0
96.65,0
96.682,0
96.713,0
96.761,0
96.792,0
96.84,0
96.872,0
96.904,0
96.936,0
96.984,0
97.015,0
97.079,0
97.141,0
97.189,0
97.237,0
97.301,0
97.349,0
97.381,0
97.429,0
97.492,0
97.54,0
97.604,0
97.668,0
97.731,0
97.779,0
97.842,0
97.906,0
97.954,0
98.001,0
98.049,0
98.113,0
98.161,0
98.224,0
98.272,0
98.32,0
98.368,0
98.432,0
98.48,0
98.528,0
98.575,0
98.59,0
98.653,0
98.685,0
98.717,0
98.749,0
98.765,0
98.813,0
98.845,0
98.877,0
98.909,0
98.941,0
98.988,0
99.02,0
99.068,0
99.116,0
99.148,0
99.195,0
99.227,0
99.259,0
99.307,0
99.354,0
99.386,0
99.418,0
99.466,0
99.498,0
99.546,0
99.577,0
99.608,0
99.656,0
99.687,0
99.735,0
99.783,0
99.815,0
99.847,0
99.878,0
99.926,0
99.974,0
100.021,0
100.082,0
100.145,0
100.209,0
100.257,0
100.321,0
100.384,0
100.431,0
100.494,0
100.557,0
100.621,0
100.668,0
100.699,0
100.731,0
100.763,0
100.809,0
100.841,0
100.873,0
100.921,0
100.953,0
101.001,0
101.033,0
101.064,0
101.08,0
101.096,0
101.128,0
101.16,0
101.191,0
101.223,0
101.254,0
101.302,0
101.334,0
101.381,0
101.413,0
101.445,0
101.493,0
101.525,0
101.572,0
101.62,0
101.652,0
101.668,0
101.684,0
101.732,0
101.78,0
101.812,0
101.844,0
101.892,0
101.94,0
101.971,0
102.003,0
102.035,0
102.067,0
102.098,0
102.146,0
102.21,0
102.258,0
102.306,0
102.353,0
102.401,0
102.433,0
102.465,0
102.513,0
102.545,0
102.593,0
102.641,0
102.704,0
102.752,0
102.816,0
102.864,0
102.912,0
102.944,0
102.976,0
103.04,0
103.071,0
103.134,0
103.198,0
103.262,0
103.31,0
103.374,0
103.422,0
103.469,0
103.533,0
103.597,0
103.645,0
103.709,0
103.757,0
103.805,0
103.852,0
103.915,0
103.979,0
104.043,0
104.09,0
104.138,0
104.185,0
104.216,0
104.264,0
104.312,0
104.36,0
104.392,0
104.424,0
104.456,0
104.504,0
104.536,0
104.583,0
104.631,0
104.663,0
104.711,0
104.759,0
104.806,0
104.854,0
104.886,0
104.934,0
104.981,0
105.029,0
105.077,0
105.124,0
105.156,0
105.188,0
105.22,0
105.252,0
105.284,0
105.331,0
105.363,0
105.411,0
105.459,0
105.491,0
105.523,0
105.555,0
105.587,0
105.619,0
105.635,0
105.667,0
105.698,0
105.746,0
105.794,0
105.842,0
105.874,0
105.89,0
105.922,0
105.954,0
105.986,0
106.018,0
106.064,0
106.095,0
106.143,0
106.174,0
106.222,0
106.286,0
106.334,0
106.398,0
106.461,0
106.509,0
106.557,0
106.621,0
106.653,0
106.701,0
106.764,0
106.811,0
106.875,0
106.923,0
106.971,0
107.035,0
107.083,0
107.131,0
107.177,0
107.225,0
107.273,0
107.321,0
107.353,0
107.401,0
107.449,0
107.497,0
107.545,0
107.592,0
107.656,0
107.72,0
107.768,0
107.815,0
107.846,0
107.878,0
107.926,0
107.957,0
107.989,0
108.021,0
108.069,0
108.117,0
108.165,0
108.213,0
108.244,0
108.276,0
108.307,0
108.355,0
108.403,0
108.451,0
108.499,0
108.546,0
108.594,0
108.642,0
108.689,0
108.72,0
108.768,0
108.816,0
108.864,0
108.911,0
108.943,0
108.991,0
109.022,0
109.068,0
109.132,0
109.18,0
109.244,0
109.308,0
109.372,0
109.42,0
109.467,0
109.531,0
109.578,0
109.642,0
109.69,0
109.753,0
109.816,0
109.88,0
109.912,0
109.976,0
110.04,0
110.101,0
110.149,0
110.196,0
110.243,0
110.275,0
110.307,0
110.355,0
110.387,0
110.435,0
110.483,0
110.531,0
110.577,0
110.625,0
110.657,0
110.689,0
110.737,0
110.785,0
110.817,0
110.865,0
110.897,0
110.944,0
110.992,0
111.04,0
111.088,0
111.136,0
111.184,0
111.215,0
111.247,0
111.279,0
111.326,0
111.374,0
111.422,0
111.47,0
111.502,0
111.55,0
111.582,0
111.614,0
111.662,0
111.709,0
111.756,0
111.788,0
111.836,0
111.884,0
111.915,0
111.963,0
112.027,0
112.09,0
112.138,0
112.202,0
112.25,0
112.298,0
112.346,0
112.409,0
112.472,0
112.52,0
112.584,0
112.632,0
112.695,0
112.743,0
112.805,0
112.869,0
112.917,0
112.981,0
113.044,0
113.108,0
113.155,0
113.203,0
113.267,0
113.315,0
113.363,0
113.427,0
113.475,0
113.539,0
113.602,0
113.666,0
113.714,0
113.762,0
113.809,0
113.857,0
113.904,0
113.952,0
113.984,0
114.016,0
114.064,0
114.112,0
114.16,0
114.206,0
114.239,0
114.27,0
114.317,0
114.365,0
114.413,0
114.461,0
114.509,0
114.557,0
114.605,0
114.638,0
114.684,0
114.732,0
114.78,0
114.812,0
114.86,0
114.908,0
114.94,0
114.988,0
115.02,0
115.067,0
115.115,0
115.146,0
115.194,0
115.242,0
115.289,0
115.336,0
115.4,0
115.447,0
115.495,0
115.543,0
115.607,0
115.671,0
115.735,0
115.797,0
115.844,0
115.892,0
115.94,0
116.004,0
116.051,0
116.114,0
116.177,0
116.241,0
116.305,0
116.369,0
116.417,0
116.481,0
116.544,0
116.576,0
116.608,0
116.672,0
116.704,0
116.752,0
116.8,0
116.847,0
116.879,0
116.926,0
116.958,0
117.006,0
117.054,0
117.102,0
117.134,0
117.182,0
117.23,0
117.262,0
117.293,0
117.325,0
117.357,0
117.389,0
117.437,0
117.469,0
117.501,0
117.549,0
117.597,0
117.629,0
117.66,0
117.692,0
117.724,0
117.772,0
117.82,0
117.852,0
117.884,0
117.931,0
117.963,0
117.995,0
118.042,0
118.074,0
118.122,0
118.155,0
118.186,0
118.233,0
118.28,0
118.328,0
118.36,0
118.392,0
118.439,0
118.471,0
118.519,0
118.567,0
118.599,0
118.647,0
118.695,0
118.727,0
118.774,0
118.806,0
118.854,0
118.886,0
118.949,0
118.997,0
119.061,0
119.125,0
119.188,0
119.252,0
119.315,0
119.362,0
119.41,0
119.474,0
119.537,0
119.585,0
119.649,0
119.713,0
119.761,0
119.825,0
119.887,0
119.935,0
119.983,0
120.031,0
