tijd,meetwaarde
0.047,0
0.079,0
0.127,0
0.159,0
0.206,0
0.254,0
0.286,0
0.334,0
0.382,0
0.413,0
0.476,0
0.54,0
0.587,0
0.635,0
0.698,0
0.761,0
0.825,0
0.889,0
0.952,0
1.016,0
1.08,0
1.127,0
1.158,0
1.205,0
1.253,0
1.301,0
1.332,0
1.38,0
1.412,0
1.443,0
1.474,0
1.522,0
1.57,0
1.618,0
1.65,0
1.682,0
1.729,0
1.761,0
1.809,0
1.857,0
1.873,0
1.921,0
1.969,0
2.016,0
2.063,0
2.109,0
2.141,0
2.189,0
2.237,0
2.285,0
2.316,0
2.363,0
2.427,0
2.49,0
2.538,0
2.586,0
2.65,0
2.714,0
2.777,0
2.839,0
2.901,0
2.965,0
3.028,0
3.076,0
3.123,0
3.155,0
3.219,0
3.266,0
3.312,0
3.359,0
3.391,0
3.439,0
3.487,0
3.535,0
3.582,0
3.613,0
3.661,0
3.692,0
3.74,0
3.788,0
3.835,0
3.883,0
3.931,0
3.978,0
4.041,0
4.105,0
4.169,0
4.217,0
4.281,0
4.329,0
4.377,0
4.439,0
4.503,0
4.551,0
4.614,0
4.661,0
4.709,0
4.757,0
4.803,0
4.867,0
4.931,0
4.995,0
5.058,0
5.121,0
5.167,0
5.215,0
5.263,0
5.294,0
5.326,0
5.374,0
5.422,0
5.454,0
5.502,0
5.534,0
5.579,0
5.61,0
5.642,0
5.689,0
5.721,0
5.769,0
5.817,0
5.849,0
5.865,0
5.897,0
5.929,0
5.96,0
6.008,0
6.055,0
6.102,0
6.15,0
6.212,0
6.276,0
6.323,0
6.371,0
6.419,0
6.483,0
6.547,0
6.611,0
6.675,0
6.723,0
6.786,0
6.834,0
6.898,0
6.961,0
6.993,0
7.041,0
7.089,0
7.136,0
7.184,0
7.232,0
7.264,0
7.312,0
7.344,0
7.392,0
7.44,0
7.487,0
7.519,0
7.551,0
7.583,0
7.63,0
7.678,0
7.71,0
7.758,0
7.806,0
7.822,0
7.853,0
7.901,0
7.933,0
7.981,0
8.013,0
8.045,0
8.093,0
8.141,0
8.189,0
8.221,0
8.252,0
8.284,0
8.332,0
8.364,0
8.412,0
8.46,0
8.508,0
8.556,0
8.587,0
8.635,0
8.651,0
8.683,0
8.731,0
8.779,0
8.826,0
8.874,0
8.922,0
8.969,0
9.001,0
9.049,0
9.081,0
9.113,0
9.161,0
9.177,0
9.225,0
9.257,0
9.305,0
9.336,0
9.383,0
9.415,0
9.447,0
9.479,0
9.527,0
9.575,0
9.623,0
9.655,0
9.703,0
9.75,0
9.782,0
9.83,0
9.862,0
9.91,0
9.958,0
9.99,0
10.022,0
10.07,0
10.101,0
10.149,0
10.197,0
10.229,0
10.277,0
10.341,0
10.405,0
10.468,0
10.532,0
10.564,0
10.628,0
10.692,0
10.74,0
10.788,0
10.82,0
10.866,0
10.913,0
10.977,0
11.009,0
11.057,0
11.105,0
11.168,0
11.231,0
11.294,0
11.342,0
11.405,0
11.453,0
11.485,0
11.517,0
11.549,0
11.596,0
11.628,0
11.66,0
11.692,0
11.724,0
11.756,0
11.788,0
11.836,0
11.884,0
11.932,0
11.948,0
11.995,0
12.043,0
12.091,0
12.139,0
12.187,0
12.219,0
12.251,0
12.299,0
12.346,0
12.362,0
12.41,0
12.426,0
12.473,0
12.505,0
12.553,0
12.601,0
12.633,0
12.681,0
12.728,0
12.76,0
12.791,0
12.839,0
12.885,0
12.933,0
12.965,0
12.98,0
13.028,0
13.06,0
13.107,0
13.139,0
13.186,0
13.234,0
13.297,0
13.36,0
13.423,0
13.486,0
13.548,0
13.595,0
13.643,0
13.675,0
13.723,0
13.771,0
13.803,0
13.85,0
13.898,0
13.945,0
13.993,0
14.041,0
14.073,0
14.121,0
14.153,0
14.185,0
14.232,0
14.264,0
14.296,0
14.328,0
14.359,0
14.39,0
14.436,0
14.484,0
14.531,0
14.563,0
14.595,0
14.643,0
14.675,0
14.722,0
14.753,0
14.816,0
14.88,356
14.944,11080
15.008,17387
15.071,19591
15.134,19834
15.198,19087
15.262,17928
15.325,16719
15.389,15397
15.452,9518
15.515,5314
15.563,2918
15.627,1878
15.674,1039
15.737,654
15.785,345
15.817,204
15.864,125
15.895,38
15.927,0
15.959,0
16.006,0
16.037,0
16.069,0
16.117,0
16.165,0
16.213,0
16.261,0
16.309,0
16.356,0
16.403,0
16.434,0
16.481,0
16.513,0
16.561,0
16.608,0
16.656,0
16.719,0
16.766,0
16.813,0
16.861,0
16.925,0
16.973,0
17.037,0
17.085,0
17.149,0
17.211,0
17.259,0
17.323,0
17.371,0
17.434,0
17.498,0
17.562,0
17.609,0
17.657,0
17.704,0
17.752,0
17.784,0
17.831,0
17.878,0
17.909,0
17.94,0
17.988,0
18.02,0
18.068,0
18.1,0
18.148,0
18.195,0
18.227,0
18.258,0
18.305,0
18.353,0
18.401,0
18.449,0
18.497,0
18.545,0
18.593,0
18.625,0
18.673,0
18.705,0
18.752,0
18.783,0
18.815,0
18.847,0
18.895,0
18.943,0
18.991,0
19.023,0
19.071,0
19.102,0
19.134,0
19.166,0
19.214,0
19.262,0
19.309,0
19.373,0
19.435,0
19.498,0
19.544,0
19.608,0
19.656,0
19.72,0
19.767,0
19.831,0
19.895,0
19.926,0
19.974,0
20.022,0
20.038,0
20.086,0
20.134,0
20.182,0
20.214,0
20.262,0
20.293,0
20.325,0
20.373,0
20.405,0
20.453,0
20.468,0
20.516,0
20.548,0
20.596,0
20.644,0
20.691,0
20.723,0
20.739,0
20.787,0
20.835,0
20.867,0
20.899,0
20.947,0
20.994,0
21.026,0
21.073,0
21.121,0
21.169,0
21.201,0
21.248,0
21.296,0
21.328,0
21.36,0
21.392,0
21.423,0
21.455,0
21.487,0
21.519,0
21.55,0
21.566,0
21.582,0
21.598,0
21.63,0
21.662,0
21.694,0
21.726,0
21.758,0
21.79,0
21.821,0
21.853,0
21.885,0
21.933,0
21.981,0
22.029,0
22.045,0
22.093,0
22.125,0
22.157,0
22.203,0
22.251,0
22.299,0
22.363,0
22.411,0
22.459,0
22.507,0
22.57,0
22.618,0
22.681,0
22.745,0
22.809,0
22.873,0
22.921,0
22.984,0
23.048,0
23.08,0
23.128,0
23.176,0
23.24,0
23.272,0
23.335,0
23.383,0
23.447,0
23.479,0
23.543,0
23.591,0
23.654,0
23.717,0
23.781,0
23.845,0
23.909,0
23.957,0
24.005,0
24.053,0
24.1,0
24.148,0
24.196,0
24.228,0
24.292,0
24.34,0
24.388,0
24.435,0
24.499,0
24.547,0
24.579,0
24.627,0
24.675,0
24.691,0
24.755,0
24.802,0
24.85,0
24.898,0
24.945,0
24.993,0
25.025,0
25.073,0
25.105,0
25.153,0
25.2,0
25.232,0
25.264,0
25.296,0
25.344,0
25.376,0
25.408,0
25.456,0
25.504,0
25.552,0
25.599,0
25.647,0
25.695,0
25.743,0
25.791,0
25.839,0
25.887,0
25.919,0
25.95,0
25.998,0
26.03,0
26.062,0
26.078,0
26.11,0
26.158,0
26.206,0
26.238,0
26.27,0
26.301,0
26.349,0
26.397,0
26.429,0
26.461,0
26.493,0
26.525,0
26.573,0
26.621,0
26.653,0
26.684,0
26.732,0
26.78,0
26.828,0
26.86,0
26.892,0
26.924,0
26.972,0
27.003,0
27.035,0
27.066,0
27.098,0
27.146,0
27.178,0
27.226,0
27.242,0
27.274,0
27.322,0
27.353,0
27.401,0
27.432,0
27.48,0
27.512,0
27.56,0
27.608,0
27.64,0
27.703,0
27.767,0
27.798,0
27.861,0
27.909,0
27.957,0
27.989,0
28.053,0
28.101,0
28.149,0
28.211,0
28.243,0
28.307,0
28.355,0
28.403,0
28.451,0
28.499,0
28.562,0
28.61,0
28.658,0
28.704,0
28.752,0
28.8,0
28.847,0
28.895,0
28.942,0
28.973,0
29.005,0
29.037,0
29.069,0
29.117,0
29.149,0
29.18,0
29.212,0
29.244,0
29.276,0
29.308,0
29.355,0
29.403,0
29.435,0
29.45,0
29.497,0
29.545,0
29.593,0
29.625,0
29.657,0
29.689,0
29.736,0
29.768,0
29.816,0
29.864,0
29.896,0
29.928,0
29.96,0
30.008,0
30.056,0
30.103,0
30.135,0
30.182,0
30.23,0
30.278,0
30.31,0
30.358,0
30.39,0
30.437,0
30.5,0
30.564,0
30.626,0
30.69,0
30.754,0
30.817,0
30.881,0
30.929,0
30.977,0
31.04,0
31.088,0
31.152,0
31.216,0
31.279,0
31.327,0
31.389,0
31.436,0
31.468,0
31.5,0
31.548,0
31.596,0
31.628,0
31.66,0
31.708,0
31.754,0
31.802,0
31.834,0
31.85,0
31.898,0
31.93,0
31.962,0
32.01,0
32.058,0
32.106,0
32.153,0
32.201,0
32.233,0
32.265,0
32.313,0
32.36,0
32.408,0
32.456,0
32.502,0
32.549,0
32.597,0
32.645,0
32.676,0
32.724,0
32.756,0
32.788,0
32.836,0
32.867,0
32.899,0
32.947,0
32.979,0
33.011,0
33.043,0
33.091,0
33.139,0
33.187,0
33.234,0
33.281,0
33.329,0
33.393,0
33.457,0
33.519,0
33.567,0
33.615,0
33.679,0
33.743,0
33.806,0
33.869,0
33.933,0
33.997,0
34.061,0
34.124,0
34.188,0
34.251,0
34.299,0
34.363,0
34.411,0
34.458,0
34.506,0
34.522,0
34.538,0
34.57,0
34.601,0
34.648,0
34.696,0
34.743,0
34.79,0
34.837,0
34.885,0
34.917,0
34.965,0
35.012,0
35.044,0
35.091,0
35.139,0
35.171,0
35.203,0
35.251,0
35.299,0
35.347,0
35.379,0
35.427,0
35.474,0
35.522,0
35.585,0
35.632,0
35.696,0
35.76,0
35.823,0
35.887,0
35.935,0
35.998,0
36.046,0
36.094,0
36.125,0
36.173,0
36.221,0
36.285,0
36.348,0
36.411,0
36.473,0
36.521,0
36.569,0
36.633,0
36.68,0
36.712,0
36.76,0
36.807,0
36.854,0
36.902,0
36.948,0
36.98,0
37.028,0
37.075,0
37.106,0
37.154,0
37.202,0
37.234,0
37.282,0
37.314,0
37.33,0
37.378,0
37.425,0
37.457,0
37.489,0
37.537,0
37.584,0
37.632,0
37.664,0
37.695,0
37.743,0
37.805,0
37.868,0
37.931,0
37.979,0
38.025,0
38.073,0
38.121,0
38.167,0
38.199,0
38.231,0
38.263,0
38.295,0
38.327,0
38.359,0
38.391,0
38.423,0
38.455,0
38.503,0
38.535,0
38.55,0
38.598,0
38.63,0
38.662,0
38.694,0
38.726,0
38.758,0
38.806,0
38.838,0
38.885,0
38.932,0
38.979,0
39.027,0
39.075,0
39.107,0
39.139,0
39.171,0
39.219,0
39.267,0
39.314,0
39.346,0
39.393,0
39.441,0
39.473,0
39.52,0
39.567,0
39.615,0
39.647,0
39.71,0
39.773,0
39.837,0
39.901,0
39.949,0
40.012,0
40.076,0
40.123,0
40.187,0
40.235,0
40.299,0
40.363,0
40.427,0
40.49,0
40.536,0
40.599,0
40.663,0
40.726,0
40.774,0
40.806,0
40.838,0
40.87,0
40.917,0
40.965,0
40.997,0
41.044,0
41.092,0
41.14,0
41.188,0
41.219,0
41.251,0
41.298,0
41.346,0
41.378,0
41.41,0
41.442,0
41.49,0
41.522,0
41.57,0
41.601,0
41.632,0
41.68,0
41.728,0
41.76,0
41.808,0
41.84,0
41.888,0
41.936,0
41.968,0
42.015,0
42.046,0
42.077,0
42.125,0
42.156,0
42.188,0
42.236,0
42.268,0
42.3,0
42.348,0
42.395,0
42.443,0
42.475,0
42.522,0
42.586,0
42.648,0
42.712,0
42.759,0
42.807,0
42.855,0
42.919,0
42.967,0
43.014,0
43.076,0
43.108,0
43.139,0
43.187,0
43.219,0
43.267,0
43.315,0
43.363,0
43.411,0
43.443,0
43.49,0
43.537,0
43.585,0
43.633,0
43.681,0
43.728,0
43.776,0
43.824,0
43.872,0
43.919,0
43.967,0
44.015,0
44.047,0
44.095,0
44.127,0
44.175,0
44.207,0
44.239,0
44.27,0
44.302,0
44.35,0
44.382,0
44.429,0
44.477,0
44.525,0
44.573,0
44.605,0
44.637,0
44.653,0
44.7,0
44.732,0
44.764,0
44.78,0
44.828,0
44.86,0
44.908,0
44.94,0
44.972,0
45.004,0
45.036,0
45.083,0
45.131,0
45.179,0
45.195,0
45.243,0
45.291,0
45.339,0
45.355,0
45.386,0
45.433,0
45.496,0
45.56,0
45.624,0
45.688,0
45.752,0
45.815,0
45.863,0
45.911,0
45.959,0
46.023,0
46.086,0
46.134,0
46.165,0
46.213,0
46.277,0
46.325,0
46.373,0
46.405,0
46.453,0
46.517,0
46.564,0
46.612,0
46.66,0
46.707,0
46.771,0
46.819,0
46.867,0
46.929,0
46.961,0
47.009,0
47.041,0
47.073,0
47.105,0
47.137,0
47.168,0
47.216,0
47.248,0
47.295,0
47.311,0
47.359,0
47.407,0
47.439,0
47.487,0
47.519,0
47.551,0
47.598,0
47.646,0
47.691,0
47.739,0
47.77,0
47.802,0
47.85,0
47.882,0
47.93,0
47.962,0
47.994,0
48.025,0
48.073,0
48.105,0
48.137,0
48.153,0
48.201,0
48.233,0
48.249,0
48.297,0
48.329,0
48.361,0
48.408,0
48.44,0
48.472,0
48.503,0
48.551,0
48.599,0
48.647,0
48.711,0
48.759,0
48.821,0
48.885,0
48.949,0
48.997,0
49.045,0
49.109,0
49.157,0
49.203,0
49.251,0
49.299,0
49.363,0
49.411,0
49.475,0
49.523,0
49.586,0
49.634,0
49.697,0
49.76,0
49.808,0
49.872,0
49.936,0
49.983,0
50.015,0
50.079,0
50.142,0
50.174,0
50.222,0
50.27,0
50.318,0
50.365,0
50.397,0
50.429,0
50.461,0
50.509,0
50.557,0
50.588,0
50.62,0
50.652,0
50.668,0
50.7,0
50.732,0
50.763,0
50.811,0
50.842,0
50.874,0
50.922,0
50.954,0
51.002,0
51.034,0
51.066,0
51.114,0
51.146,0
51.193,0
51.225,0
51.273,0
51.321,0
51.353,0
51.385,0
51.433,0
51.465,0
51.513,0
51.561,0
51.592,0
51.624,0
51.656,0
51.687,0
51.719,0
51.75,0
51.782,0
51.83,0
51.878,0
51.91,0
51.957,0
51.989,0
52.021,0
52.053,0
52.069,0
52.101,0
52.149,0
52.195,0
52.243,0
52.291,0
52.354,0
52.418,0
52.465,0
52.513,0
52.561,0
52.593,0
52.657,0
52.72,0
52.768,0
52.816,0
52.864,0
52.896,0
52.944,0
53.008,0
53.056,0
53.103,0
53.167,0
53.231,0
53.263,0
53.327,0
53.375,0
53.422,0
53.485,0
53.549,0
53.613,0
53.661,0
53.709,0
53.757,0
53.805,0
53.868,0
53.932,0
53.996,0
54.044,0
54.092,0
54.156,0
54.203,0
54.251,0
54.299,0
54.347,0
54.395,0
54.443,0
54.491,0
54.523,0
54.555,0
54.602,0
54.634,0
54.665,0
54.697,0
54.744,0
54.791,0
54.823,0
54.871,0
54.903,0
54.95,0
54.982,0
55.03,0
55.078,0
55.11,0
55.158,0
55.206,0
55.252,0
55.3,0
55.347,0
55.379,0
55.411,0
55.443,0
55.491,0
55.538,0
55.57,0
55.618,0
55.65,0
55.713,0
55.777,0
55.809,0
55.857,0
55.905,0
55.953,0
56.001,0
56.049,0
56.112,0
56.16,0
56.208,0
56.272,0
56.336,0
56.384,0
56.431,0
56.495,0
56.543,0
56.591,0
56.623,0
56.671,0
56.718,0
56.765,0
56.813,0
56.86,0
56.908,0
56.972,0
57.036,0
57.084,0
57.148,0
57.195,0
57.241,0
57.305,0
57.336,0
57.384,0
57.416,0
57.448,0
57.48,0
57.527,0
57.559,0
57.606,0
57.654,0
57.701,0
57.733,0
57.781,0
57.829,0
57.861,0
57.893,0
57.925,0
57.972,0
58.004,0
58.035,0
58.083,0
58.115,0
58.147,0
58.179,0
58.211,0
58.243,0
58.275,0
58.322,0
58.353,0
58.385,0
58.433,0
58.481,0
58.513,0
58.561,0
58.609,0
58.641,0
58.688,0
58.72,0
58.768,0
58.8,0
58.848,0
58.896,0
58.944,0
58.991,0
59.039,0
59.069,0
59.117,0
59.181,0
59.245,0
59.308,0
59.372,0
59.436,0
59.5,0
59.547,0
59.595,0
59.643,0
59.707,0
59.755,0
59.802,0
59.834,0
59.898,0
59.96,0
60.023,0
60.055,0
60.103,0
60.151,0
60.198,0
60.246,0
60.278,0
60.325,0
60.356,0
60.402,0
60.45,0
60.481,0
60.513,0
60.545,0
60.593,0
60.625,0
60.672,0
60.72,0
60.768,0
60.816,0
60.864,0
60.896,0
60.944,0
60.959,0
61.007,0
61.039,0
61.071,0
61.103,0
61.151,0
61.199,0
61.231,0
61.261,0
61.308,0
61.354,0
61.401,0
61.463,0
61.511,0
61.559,0
61.607,0
61.655,0
61.703,0
61.75,0
61.814,0
61.877,0
61.925,0
61.957,0
61.989,0
62.021,0
62.068,0
62.1,0
62.147,0
62.195,0
62.227,0
62.259,0
62.291,0
62.323,0
62.371,0
62.403,0
62.435,0
62.467,0
62.513,0
62.56,0
62.592,0
62.624,0
62.672,0
62.704,0
62.736,0
62.768,0
62.8,0
62.832,0
62.864,0
62.894,0
62.942,0
62.973,0
63.021,0
63.069,0
63.085,0
63.133,0
63.149,0
63.181,0
63.213,0
63.244,0
63.26,0
63.276,0
63.308,0
63.356,0
63.388,0
63.404,0
63.452,0
63.5,0
63.532,0
63.564,0
63.596,0
63.643,0
63.69,0
63.753,0
63.801,0
63.849,0
63.897,0
63.961,0
64.008,0
64.056,0
64.12,0
64.184,0
64.247,0
64.311,0
64.373,0
64.42,0
64.468,0
64.531,0
64.579,0
64.627,0
64.658,0
64.706,0
64.738,0
64.785,0
64.833,0
64.881,0
64.929,0
64.977,0
65.025,0
65.073,0
65.12,0
65.165,0
65.213,0
65.245,0
65.293,0
65.34,0
65.388,0
65.42,0
65.452,0
65.497,0
65.56,0
65.607,0
65.67,0
65.733,0
65.781,0
65.845,0
65.909,0
65.941,0
65.989,0
66.036,0
66.068,0
66.131,0
66.179,0
66.227,0
66.291,0
66.354,0
66.386,0
66.417,0
66.465,0
66.512,0
66.543,0
66.591,0
66.621,0
66.637,0
66.667,0
66.699,0
66.731,0
66.762,0
66.809,0
66.857,0
66.905,0
66.969,0
67.032,0
67.096,0
67.143,0
67.191,0
67.255,0
67.317,0
67.364,0
67.412,0
67.475,0
67.539,0
67.603,0
67.667,0
67.73,0
67.793,0
67.84,0
67.871,0
67.902,0
67.95,0
67.966,0
67.998,0
68.046,0
68.094,0
68.126,0
68.157,0
68.189,0
68.221,0
68.252,0
68.284,0
68.316,0
68.347,0
68.394,0
68.426,0
68.474,0
68.505,0
68.553,0
68.601,0
68.632,0
68.664,0
68.696,0
68.728,0
68.76,0
68.808,0
68.855,0
68.917,0
68.981,0
69.029,0
69.093,0
69.156,0
69.204,0
69.252,0
69.315,0
69.378,0
69.425,0
69.473,0
69.52,0
69.568,0
69.616,0
69.647,0
69.679,0
69.727,0
69.743,0
69.775,0
69.823,0
69.854,0
69.902,0
69.95,0
69.982,0
70.03,0
70.062,0
70.078,0
70.11,0
70.158,0
70.206,0
70.237,0
70.285,0
70.317,0
70.349,0
70.381,0
70.428,0
70.46,0
70.507,0
70.539,0
70.587,0
70.618,0
70.666,0
70.698,0
70.73,0
70.778,0
70.81,0
70.826,0
70.858,0
70.906,0
70.938,0
70.969,0
71.001,0
71.033,0
71.065,0
71.097,0
71.128,0
71.176,0
71.224,0
71.256,0
71.287,0
71.335,0
71.382,0
71.413,0
71.461,0
71.509,0
71.573,0
71.621,0
71.669,0
71.717,0
71.748,0
71.796,0
71.86,0
71.908,0
71.956,0
71.988,0
72.052,0
72.115,0
72.179,0
72.243,0
72.307,0
72.369,0
72.432,0
72.48,0
72.543,0
72.591,0
72.639,0
72.703,0
72.767,0
72.831,0
72.878,0
72.925,0
72.957,0
73.005,0
73.052,0
73.084,0
73.132,0
73.18,0
73.228,0
73.275,0
73.323,0
73.371,0
73.419,0
73.467,0
73.515,0
73.563,0
73.611,0
73.626,0
73.658,0
73.69,0
73.738,0
73.786,0
73.834,0
73.865,0
73.913,0
73.945,0
73.992,0
74.024,0
74.072,0
74.12,0
74.168,0
74.183,0
74.215,0
74.263,0
74.311,0
74.343,0
74.375,0
74.422,0
74.47,0
74.518,0
74.55,0
74.566,0
74.614,0
74.645,0
74.693,0
74.725,0
74.757,0
74.788,0
74.836,0
74.868,0
74.915,0
74.963,0
74.995,0
75.058,0
75.106,0
75.169,0
75.201,0
75.264,0
75.312,0
75.375,0
75.439,0
75.503,0
75.55,0
75.597,0
75.661,0
75.709,0
75.771,0
75.819,0
75.867,0
75.914,0
75.962,0
75.993,0
76.04,0
76.088,0
76.12,0
76.151,0
76.198,0
76.229,0
76.245,0
76.293,0
76.341,0
76.373,0
76.405,0
76.453,0
76.499,0
76.547,0
76.578,0
76.61,0
76.658,0
76.705,0
76.769,0
76.817,0
76.88,0
76.943,0
76.991,0
77.054,0
77.101,0
77.165,0
77.196,0
77.244,0
77.308,0
77.371,0
77.418,0
77.465,0
77.497,0
77.529,0
77.561,0
77.593,0
77.625,0
77.672,0
77.688,0
77.719,0
77.767,0
77.815,0
77.847,0
77.863,0
77.911,0
77.942,0
77.99,0
78.022,0
78.054,0
78.085,0
78.133,0
78.18,0
78.228,0
78.26,0
78.292,0
78.324,0
78.356,0
78.404,0
78.435,0
78.483,0
78.53,0
78.578,0
78.626,0
78.674,0
78.722,0
78.77,0
78.817,0
78.849,0
78.881,0
78.913,0
78.945,0
78.993,0
79.041,0
79.089,0
79.137,0
79.169,0
79.2,0
79.232,0
79.279,0
79.327,0
79.391,0
79.455,0
79.519,0
79.566,0
79.63,0
79.694,0
79.726,0
79.79,0
79.837,0
79.885,0
79.948,0
79.996,0
80.044,0
80.108,0
80.172,0
80.236,0
80.3,0
80.363,0
80.427,0
80.489,0
80.553,0
80.601,0
80.665,0
80.728,0
80.776,0
80.84,0
80.888,0
80.952,0
81.0,0
81.047,0
81.095,0
81.143,0
81.191,0
81.239,0
81.303,0
81.335,0
81.351,0
81.399,0
81.446,0
81.494,0
81.542,0
81.589,0
81.621,0
81.653,0
81.701,0
81.749,0
81.797,0
81.829,0
81.86,0
81.892,0
81.94,0
81.972,0
82.02,0
82.052,0
82.068,0
82.115,0
82.146,0
82.194,0
82.241,0
82.273,0
82.321,0
82.369,0
82.433,0
82.465,0
82.481,0
82.529,0
82.545,0
82.577,0
82.624,0
82.656,0
82.703,0
82.751,0
82.783,0
82.815,0
82.863,0
82.91,0
82.957,0
83.019,0
83.083,0
83.13,0
83.178,0
83.242,0
83.29,0
83.322,0
83.385,0
83.433,0
83.497,0
83.56,0
83.624,0
83.672,0
83.72,0
83.783,0
83.847,0
83.895,0
83.959,0
84.007,0
84.071,0
84.119,0
84.182,0
84.23,0
84.294,0
84.357,0
84.421,0
84.469,0
84.532,0
84.596,0
84.644,0
84.692,0
84.74,0
84.804,0
84.852,0
84.899,0
84.947,0
84.979,0
85.027,0
85.075,0
85.123,0
85.171,0
85.219,0
85.267,0
85.314,0
85.346,0
85.394,0
85.426,0
85.458,0
85.505,0
85.537,0
85.585,0
85.633,0
85.681,0
85.712,0
85.744,0
85.776,0
85.824,0
85.872,0
85.92,0
85.952,0
85.984,0
86.032,0
86.063,0
86.111,0
86.143,0
86.173,0
86.221,0
86.253,0
86.301,0
86.333,0
86.381,0
86.412,0
86.443,0
86.475,0
86.507,0
86.539,0
86.571,0
86.603,0
86.635,0
86.667,0
86.699,0
86.73,0
86.762,0
86.778,0
86.825,0
86.857,0
86.905,0
86.969,0
87.017,0
87.081,0
87.145,0
87.208,0
87.272,0
87.32,0
87.368,0
87.416,0
87.464,0
87.512,0
87.559,0
87.623,0
87.671,0
87.735,0
87.799,0
87.847,0
87.895,0
87.958,0
88.022,0
88.07,0
88.134,0
88.182,0
88.23,0
88.293,0
88.34,0
88.388,0
88.436,0
88.5,0
88.548,0
88.612,0
88.676,0
88.739,0
88.786,0
88.834,0
88.882,0
88.946,0
88.994,0
89.042,0
89.105,0
89.169,0
89.233,0
89.297,0
89.361,0
89.425,0
89.472,0
89.504,0
89.536,0
89.568,0
89.616,0
89.664,0
89.696,0
89.728,0
89.76,0
89.807,0
89.855,0
89.903,0
89.95,0
89.998,0
90.03,0
90.078,0
90.126,0
90.158,0
90.189,0
90.237,0
90.285,0
90.333,0
90.365,0
90.413,0
90.461,0
90.509,0
90.54,0
90.587,0
90.635,0
90.667,0
90.715,0
90.731,0
90.763,0
90.795,0
90.827,0
90.859,0
90.891,0
90.938,0
90.97,0
91.002,0
91.05,0
91.082,0
91.114,0
91.146,0
91.178,0
91.226,0
91.258,0
91.305,0
91.337,0
91.385,0
91.417,0
91.449,0
91.497,0
91.529,0
91.561,0
91.609,0
91.625,0
91.657,0
91.688,0
91.736,0
91.768,0
91.8,0
91.832,0
91.88,0
91.912,0
91.944,0
91.992,0
92.024,0
92.071,0
92.103,0
92.15,0
92.182,0
92.214,0
92.246,0
92.278,0
92.326,0
92.387,0
92.449,0
92.513,0
92.577,0
92.641,0
92.705,0
92.769,0
92.832,0
92.88,0
92.944,0
92.976,0
93.008,0
93.072,0
93.12,0
93.183,0
93.231,0
93.279,0
93.327,0
93.375,0
93.423,0
93.471,0
93.535,0
93.598,0
93.646,0
93.71,0
93.758,0
93.806,0
93.87,0
93.917,0
93.98,0
94.012,0
94.044,0
94.092,0
94.139,0
94.17,0
94.218,0
94.25,0
94.297,0
94.345,0
94.377,0
94.425,0
94.457,0
94.505,0
94.536,0
94.568,0
94.6,0
94.648,0
94.695,0
94.743,0
94.791,0
94.807,0
94.855,0
94.902,0
94.934,0
94.982,0
95.014,0
95.062,0
95.109,0
95.157,0
95.205,0
95.237,0
95.285,0
95.333,0
95.365,0
95.397,0
95.429,0
95.46,0
95.507,0
95.539,0
95.571,0
95.619,0
95.681,0
95.745,0
95.793,0
95.856,0
95.904,0
95.966,0
95.998,0
96.03,0
96.094,0
96.142,0
96.19,0
96.253,0
96.301,0
96.349,0
96.413,0
96.461,0
96.525,0
96.573,0
96.62,0
96.684,0
96.748,0
96.812,0
96.86,0
96.924,0
96.987,0
97.051,0
97.099,0
97.147,0
97.195,0
97.259,0
97.323,0
97.385,0
97.417,0
97.448,0
97.48,0
97.512,0
97.544,0
97.576,0
97.608,0
97.64,0
97.672,0
97.704,0
97.736,0
97.767,0
97.815,0
97.863,0
97.895,0
97.927,0
97.975,0
98.006,0
98.054,0
98.07,0
98.117,0
98.148,0
98.196,0
98.228,0
98.26,0
98.308,0
98.34,0
98.356,0
98.404,0
98.452,0
98.484,0
98.53,0
98.562,0
98.626,0
98.673,0
98.705,0
98.737,0
98.785,0
98.817,0
98.849,0
98.881,0
98.928,0
98.976,0
99.024,0
99.056,0
99.088,0
99.104,0
99.152,0
99.2,0
99.264,0
99.327,0
99.375,0
99.439,0
99.503,0
99.567,0
99.599,0
99.647,0
99.694,0
99.758,0
99.821,0
99.869,0
99.933,0
99.981,0
100.043,0
100.091,0
100.155,0
100.218,0
100.281,0
100.329,0
100.377,0
100.424,0
100.488,0
100.552,0
100.616,0
100.664,0
100.68,0
100.728,0
100.76,0
100.791,0
100.823,0
100.855,0
100.903,0
100.951,0
100.999,0
101.031,0
101.079,0
101.111,0
101.158,0
101.19,0
101.222,0
101.27,0
101.302,0
101.334,0
101.366,0
101.398,0
101.446,0
101.478,0
101.51,0
101.541,0
101.573,0
101.621,0
101.653,0
101.7,0
101.748,0
101.796,0
101.843,0
101.875,0
101.906,0
101.922,0
101.954,0
102.001,0
102.033,0
102.065,0
102.081,0
102.129,0
102.177,0
102.225,0
102.257,0
102.288,0
102.336,0
102.368,0
102.416,0
102.448,0
102.48,0
102.512,0
102.56,0
102.608,0
102.64,0
102.671,0
102.702,0
102.749,0
102.781,0
102.813,0
102.877,0
102.925,0
102.973,0
103.02,0
103.067,0
103.115,0
103.163,0
103.211,0
103.259,0
103.323,0
103.371,0
103.418,0
103.482,0
103.53,0
103.594,0
103.658,0
103.722,0
103.785,0
103.849,0
103.913,0
103.961,0
104.025,0
104.073,0
104.137,0
104.184,0
104.232,0
104.295,0
104.343,0
104.406,0
104.454,0
104.518,0
104.566,0
104.614,0
104.662,0
104.726,0
104.774,0
104.837,0
104.901,0
104.965,0
105.029,0
105.077,0
105.141,0
105.188,0
105.236,0
105.284,0
105.348,0
105.396,0
105.428,0
105.476,0
105.523,0
105.571,0
105.619,0
105.651,0
105.683,0
105.731,0
105.779,0
105.827,0
105.859,0
105.891,0
105.922,0
105.938,0
105.97,0
106.002,0
106.049,0
106.081,0
106.129,0
106.177,0
106.209,0
106.241,0
106.288,0
106.336,0
106.384,0
106.432,0
106.464,0
106.496,0
106.527,0
106.559,0
106.591,0
106.623,0
106.654,0
106.702,0
106.75,0
106.798,0
106.846,0
106.878,0
106.91,0
106.942,0
106.974,0
107.006,0
107.037,0
107.085,0
107.117,0
107.133,0
107.165,0
107.197,0
107.245,0
107.293,0
107.325,0
107.357,0
107.404,0
107.436,0
107.468,0
107.5,0
107.548,0
107.58,0
107.596,0
107.628,0
107.66,0
107.708,0
107.756,0
107.803,0
107.851,0
107.883,0
107.899,0
107.947,0
107.979,0
108.026,0
108.074,0
108.106,0
108.153,0
108.185,0
108.217,0
108.265,0
108.297,0
108.329,0
108.361,0
108.408,0
108.472,0
108.52,0
108.583,0
108.631,0
108.695,0
108.743,0
108.807,0
108.839,0
108.903,0
108.95,0
109.014,0
109.078,0
109.142,0
109.206,0
109.254,0
109.318,0
109.365,0
109.429,0
109.493,0
109.557,0
109.605,0
109.653,0
109.7,0
109.764,0
109.828,0
109.876,0
109.94,0
110.004,0
110.052,0
110.099,0
110.146,0
110.194,0
110.258,0
110.306,0
110.37,0
110.434,0
110.497,0
110.561,0
110.609,0
110.657,0
110.705,0
110.769,0
110.831,0
110.863,0
110.911,0
110.943,0
110.975,0
111.007,0
111.039,0
111.071,0
111.103,0
111.119,0
111.151,0
111.198,0
111.23,0
111.278,0
111.326,0
111.374,0
111.406,0
111.438,0
111.486,0
111.518,0
111.549,0
111.581,0
111.629,0
111.677,0
111.709,0
111.741,0
111.773,0
111.805,0
111.853,0
111.885,0
111.917,0
111.964,0
112.012,0
112.044,0
112.092,0
112.14,0
112.188,0
112.22,0
112.252,0
112.299,0
112.331,0
112.363,0
112.395,0
112.426,0
112.458,0
112.505,0
112.537,0
112.569,0
112.617,0
112.633,0
112.68,0
112.728,0
112.76,0
112.792,0
112.84,0
112.888,0
112.92,0
112.952,0
112.984,0
113.016,0
113.047,0
113.079,0
113.127,0
113.159,0
113.207,0
113.239,0
113.271,0
113.319,0
113.351,0
113.383,0
113.43,0
113.478,0
113.51,0
113.558,0
113.604,0
113.652,0
113.7,0
113.748,0
113.796,0
113.843,0
113.907,0
113.955,0
114.019,0
114.067,0
114.115,0
114.179,0
114.242,0
114.273,0
114.321,0
114.369,0
114.433,0
114.481,0
114.545,0
114.608,0
114.655,0
114.703,0
114.767,0
114.815,0
114.879,0
114.926,0
114.99,0
115.038,0
115.102,0
115.166,0
115.23,0
115.278,0
115.325,0
115.389,0
115.437,0
115.501,0
115.564,0
115.612,0
115.644,0
115.691,0
115.723,0
115.771,0
115.803,0
115.835,0
115.883,0
115.915,0
115.963,0
115.995,0
116.027,0
116.058,0
116.09,0
116.122,0
116.154,0
116.202,0
116.234,0
116.266,0
116.298,0
116.33,0
116.362,0
116.394,0
116.425,0
116.473,0
116.505,0
116.537,0
116.569,0
116.617,0
116.665,0
116.712,0
116.744,0
116.791,0
116.807,0
116.839,0
116.871,0
116.903,0
116.935,0
116.983,0
117.015,0
117.047,0
117.095,0
117.127,0
117.159,0
117.206,0
117.222,0
117.254,0
117.302,0
117.334,0
117.366,0
117.398,0
117.446,0
117.494,0
117.526,0
117.557,0
117.589,0
117.62,0
117.652,0
117.7,0
117.748,0
117.764,0
117.796,0
117.844,0
117.876,0
117.924,0
117.955,0
117.987,0
118.019,0
118.051,0
118.083,0
118.115,0
118.147,0
118.195,0
118.211,0
118.259,0
118.291,0
118.323,0
118.353,0
118.401,0
118.448,0
118.512,0
118.56,0
118.624,0
118.688,0
118.735,0
118.783,0
118.831,0
118.895,0
118.943,0
119.006,0
119.053,0
119.1,0
119.132,0
119.196,0
119.243,0
119.291,0
119.339,0
119.402,0
119.466,0
119.529,0
119.56,0
119.607,0
119.655,0
119.687,0
119.735,0
119.766,0
119.798,0
119.846,0
119.894,0
119.924,0
119.972,0
120.02,0
tijd,meetwaarde
0.015,0
0.033,0
0.047,0
0.066,0
0.078,0
0.101,0
0.11,0
0.131,0
0.148,0
0.157,0
0.177,0
0.192,0
0.207,0
0.227,0
0.241,0
0.259,0
0.275,0
0.289,0
0.304,0
0.323,0
0.34,0
0.352,0
0.369,0
0.388,0
0.399,0
0.419,0
0.429,0
0.449,0
0.464,0
0.482,0
0.494,0
0.513,0
0.528,0
0.548,0
0.561,0
0.575,0
0.592,0
0.611,0
0.627,0
0.639,0
0.656,0
0.671,0
0.692,0
0.703,0
0.723,0
0.736,0
0.753,0
0.77,0
0.787,0
0.799,0
0.813,0
0.834,0
0.848,0
0.868,0
0.88,0
0.9,0
0.909,0
0.929,0
0.946,0
0.961,0
0.976,0
0.993,0
1.009,0
1.026,0
1.039,0
1.055,0
1.071,0
1.088,0
1.103,0
1.123,0
1.135,0
1.153,0
1.168,0
1.186,0
1.2,0
1.215,0
1.23,0
1.246,0
1.268,0
1.279,0
1.296,0
1.313,0
1.341,0
1.373,0
1.421,0
1.453,0
1.501,0
1.533,0
1.58,0
1.628,0
1.66,0
1.708,0
1.755,0
1.787,0
1.819,0
1.867,0
1.899,0
1.947,0
1.995,0
2.043,0
2.09,0
2.137,0
2.185,0
2.249,0
2.297,0
2.361,0
2.425,0
2.488,0
2.536,0
2.6,0
2.663,0
2.727,0
2.774,0
2.837,0
2.885,0
2.931,0
2.995,0
3.043,0
3.107,0
3.155,0
3.219,0
3.267,0
3.298,0
3.362,0
3.41,0
3.458,0
3.506,0
3.554,0
3.586,0
3.632,0
3.663,0
3.695,0
3.742,0
3.774,0
3.805,0
3.853,0
3.885,0
3.933,0
3.965,0
4.013,0
4.061,0
4.108,0
4.156,0
4.188,0
4.22,0
4.268,0
4.3,0
4.348,0
4.396,0
4.444,0
4.49,0
4.522,0
4.554,0
4.586,0
4.618,0
4.649,0
4.681,0
4.713,0
4.761,0
4.808,0
4.855,0
4.919,0
4.983,0
5.047,0
5.111,0
5.175,0
5.222,0
5.27,0
5.302,0
5.366,0
5.413,0
5.477,0
5.525,0
5.572,0
5.636,0
5.684,0
5.732,0
5.78,0
5.844,0
5.908,0
5.955,0
6.003,0
6.067,0
6.115,0
6.179,0
6.243,0
6.307,0
6.37,0
6.418,0
6.482,0
6.53,0
6.594,0
6.642,0
6.689,0
6.737,0
6.785,0
6.849,0
6.897,0
6.945,0
7.009,0
7.04,0
7.071,0
7.103,0
7.151,0
7.183,0
7.215,0
7.247,0
7.295,0
7.31,0
7.342,0
7.389,0
7.437,0
7.468,0
7.516,0
7.564,0
7.612,0
7.644,0
7.676,0
7.724,0
7.772,0
7.82,0
7.867,0
7.914,0
7.945,0
7.977,0
8.009,0
8.041,0
8.089,0
8.121,0
8.169,0
8.217,0
8.265,0
8.297,0
8.329,0
8.376,0
8.424,0
8.456,0
8.504,0
8.52,0
8.568,0
8.616,0
8.648,0
8.696,0
8.743,0
8.791,0
8.839,0
8.871,0
8.903,0
8.951,0
8.999,0
9.031,0
9.079,0
9.126,0
9.174,0
9.222,0
9.27,0
9.318,0
9.35,0
9.382,0
9.429,0
9.461,0
9.523,0
9.571,0
9.618,0
9.682,0
9.745,0
9.793,0
9.841,0
9.903,0
9.95,0
9.997,0
10.045,0
10.077,0
10.109,0
10.141,0
10.189,0
10.237,0
10.284,0
10.316,0
10.348,0
10.38,0
10.428,0
10.476,0
10.524,0
10.556,0
10.588,0
10.619,0
10.651,0
10.699,0
10.747,0
10.795,0
10.827,0
10.859,0
10.891,0
10.939,0
10.986,0
11.018,0
11.066,0
11.098,0
11.146,0
11.194,0
11.226,0
11.258,0
11.29,0
11.322,0
11.369,0
11.417,0
11.433,0
11.465,0
11.497,0
11.545,0
11.577,0
11.624,0
11.672,0
11.72,0
11.751,0
11.783,0
11.815,0
11.863,0
11.895,0
11.927,0
11.959,0
12.007,0
12.023,0
12.055,0
12.071,0
12.118,0
12.166,0
12.214,0
12.246,0
12.278,0
12.326,0
12.373,0
12.405,0
12.453,0
12.498,0
12.546,0
12.608,0
12.672,0
12.72,0
12.783,0
12.845,0
12.908,0
12.972,0
13.036,0
13.084,0
13.132,0
13.196,0
13.258,0
13.322,0
13.369,0
13.401,0
13.448,0
13.48,0
13.527,0
13.575,0
13.621,0
13.669,0
13.701,0
13.749,0
13.797,0
13.845,0
13.877,0
13.925,0
13.973,0
14.004,0
14.052,0
14.083,0
14.131,0
14.163,0
14.211,0
14.243,0
14.274,0
14.306,0
14.354,0
14.4,0
14.464,0
14.528,0
14.591,0
14.655,0
14.703,0
14.766,0
14.814,0
14.862,0
14.925,0
14.989,0
15.037,0
15.101,0
15.164,0
15.228,0
15.291,0
15.355,0
15.403,0
15.451,0
15.514,0
15.578,0
15.625,0
15.689,0
15.753,0
15.801,0
15.848,0
15.88,0
15.912,0
15.959,0
15.975,0
16.022,0
16.054,0
16.086,0
16.118,0
16.166,0
16.198,0
16.245,0
16.292,0
16.34,0
16.388,0
16.436,0
16.484,0
16.516,0
16.564,0
16.611,0
16.642,0
16.69,0
16.738,0
16.786,0
16.818,0
16.85,0
16.881,0
16.897,0
16.929,0
16.961,0
16.992,0
17.008,0
17.055,0
17.087,0
17.119,0
17.151,0
17.197,0
17.245,0
17.276,0
17.324,0
17.371,0
17.435,0
17.483,0
17.531,0
17.594,0
17.658,0
17.721,0
17.784,0
17.832,0
17.896,0
17.959,0
18.006,0
18.054,0
18.086,0
18.133,0
18.18,0
18.228,0
18.275,0
18.323,0
18.371,0
18.403,0
18.451,0
18.498,0
18.53,0
18.578,0
18.61,0
18.658,0
18.689,0
18.737,0
18.785,0
18.832,0
18.864,0
18.896,0
18.928,0
18.976,0
19.024,0
19.071,0
19.102,0
19.15,0
19.198,0
19.245,0
19.293,0
19.341,0
19.373,0
19.42,0
19.452,0
19.5,0
19.548,0
19.611,0
19.675,0
19.723,0
19.787,0
19.834,0
19.897,0
19.961,0
20.024,0
20.088,0
20.15,0
20.212,0
20.26,0
20.308,0
20.355,0
20.402,0
20.45,0
20.482,0
20.53,0
20.546,0
20.578,0
20.61,0
20.642,0
20.69,0
20.721,0
20.753,0
20.801,0
20.833,0
20.881,0
20.928,0
20.976,0
21.007,0
21.039,0
21.086,0
21.133,0
21.165,0
21.213,0
21.245,0
21.292,0
21.324,0
21.356,0
21.402,0
21.464,0
21.511,0
21.574,0
21.622,0
21.686,0
21.75,0
21.813,0
21.876,0
21.924,0
21.988,0
22.036,0
22.1,0
22.164,0
22.211,0
22.259,0
22.307,0
22.37,0
22.417,0
22.464,0
22.496,0
22.544,0
22.575,0
22.623,0
22.671,0
22.718,0
22.766,0
22.813,0
22.861,0
22.908,0
22.955,0
23.003,0
23.051,0
23.083,0
23.131,0
23.179,0
23.227,0
23.275,0
23.321,0
23.353,0
23.4,0
23.448,0
23.512,0
23.559,0
23.607,0
23.671,0
23.734,0
23.782,0
23.83,0
23.894,0
23.942,0
24.006,0
24.07,0
24.132,0
24.196,0
24.26,0
24.323,0
24.387,0
24.451,0
24.514,0
24.577,0
24.625,0
24.672,0
24.72,0
24.768,0
24.816,0
24.847,0
24.879,0
24.926,0
24.958,0
24.99,0
25.038,0
25.086,0
25.118,0
25.15,0
25.182,0
25.213,0
25.245,0
25.277,0
25.309,0
25.341,0
25.389,0
25.405,0
25.437,0
25.485,0
25.533,0
25.564,0
25.596,0
25.628,0
25.66,0
25.692,0
25.74,0
25.772,0
25.82,0
25.868,0
25.916,0
25.948,0
25.979,0
26.026,0
26.058,0
26.106,0
26.138,0
26.17,0
26.202,0
26.25,0
26.282,0
26.313,0
26.345,0
26.377,0
26.409,0
26.457,0
26.505,0
26.537,0
26.569,0
26.601,0
26.633,0
26.665,0
26.696,0
26.728,0
26.776,0
26.808,0
26.84,0
26.872,0
26.904,0
26.936,0
26.968,0
27.016,0
27.063,0
27.095,0
27.127,0
27.159,0
27.207,0
27.239,0
27.287,0
27.319,0
27.367,0
27.415,0
27.447,0
27.494,0
27.542,0
27.574,0
27.606,0
27.638,0
27.685,0
27.748,0
27.795,0
27.858,0
27.922,0
27.969,0
28.017,0
28.081,0
28.129,0
28.177,0
28.224,0
28.288,0
28.352,0
28.416,0
28.464,0
28.528,0
28.59,0
28.638,0
28.702,0
28.766,0
28.797,0
28.845,0
28.893,0
28.941,0
28.988,0
29.02,0
29.052,0
29.1,0
29.132,0
29.18,0
29.212,0
29.243,0
29.29,0
29.321,0
29.369,0
29.417,0
29.449,0
29.497,0
29.529,0
29.576,0
29.622,0
29.654,0
29.701,0
29.749,0
29.797,0
29.829,0
29.861,0
29.893,0
29.925,0
29.973,0
30.02,0
30.081,0
30.129,0
30.192,0
30.256,4478
30.32,14394
30.368,18573
30.432,19696
30.478,19686
30.541,19141
30.604,18060
30.635,16854
30.683,16275
30.731,14868
30.779,10151
30.811,6599
30.858,4876
30.905,3173
30.937,2032
30.985,1515
31.017,967
31.064,726
31.095,457
31.127,335
31.175,221
31.222,118
31.253,32
31.301,11
31.349,0
31.381,0
31.429,0
31.477,0
31.525,0
31.556,0
31.588,0
31.636,0
31.684,0
31.716,0
31.763,0
31.779,0
31.811,0
31.859,0
31.907,0
31.954,0
32.017,0
32.065,0
32.113,0
32.177,0
32.225,0
32.289,0
32.352,0
32.4,0
32.463,0
32.511,0
32.575,0
32.639,0
32.702,0
32.766,0
32.829,0
32.893,0
32.94,0
32.988,0
33.036,0
33.083,0
33.147,0
33.195,0
33.241,0
33.289,0
33.321,0
33.353,0
33.385,0
33.417,0
33.464,0
33.48,0
33.528,0
33.56,0
33.592,0
33.624,0
33.672,0
33.72,0
33.768,0
33.8,0
33.832,0
33.863,0
33.911,0
33.942,0
33.974,0
34.022,0
34.054,0
34.086,0
34.118,0
34.166,0
34.198,0
34.229,0
34.261,0
34.293,0
34.341,0
34.389,0
34.437,0
34.469,0
34.501,0
34.549,0
34.581,0
34.628,0
34.644,0
34.676,0
34.724,0
34.772,0
34.804,0
34.836,0
34.868,0
34.916,0
34.947,0
34.979,0
34.995,0
35.027,0
35.059,0
35.107,0
35.155,0
35.186,0
35.234,0
35.266,0
35.298,0
35.314,0
35.346,0
35.377,0
35.425,0
35.473,0
35.521,0
35.552,0
35.568,0
35.584,0
35.632,0
35.664,0
35.712,0
35.759,0
35.823,0
35.871,0
35.919,0
35.966,0
36.03,0
36.078,0
36.141,0
36.189,0
36.252,0
36.316,0
36.379,0
36.427,0
36.475,0
36.539,0
36.603,0
36.651,0
36.714,0
36.778,0
36.826,0
36.858,0
36.922,0
36.97,0
37.033,0
37.081,0
37.128,0
37.176,0
37.24,0
37.288,0
37.352,0
37.4,0
37.463,0
37.527,0
37.559,0
37.623,0
37.655,0
37.686,0
37.734,0
37.766,0
37.782,0
37.812,0
37.844,0
37.876,0
37.908,0
37.955,0
37.987,0
38.019,0
38.051,0
38.083,0
38.131,0
38.163,0
38.211,0
38.259,0
38.306,0
38.338,0
38.37,0
38.418,0
38.45,0
38.497,0
38.53,0
38.575,0
38.623,0
38.655,0
38.703,0
38.735,0
38.783,0
38.815,0
38.862,0
38.911,0
38.958,0
38.989,0
39.035,0
39.082,0
39.146,0
39.21,0
39.257,0
39.318,0
39.382,0
39.43,0
39.494,0
39.542,0
39.605,0
39.652,0
39.7,0
39.746,0
39.777,0
39.825,0
39.857,0
39.889,0
39.921,0
39.953,0
39.984,0
40.016,0
40.048,0
40.08,0
40.126,0
40.174,0
40.206,0
40.254,0
40.286,0
40.334,0
40.365,0
40.413,0
40.444,0
40.492,0
40.539,0
40.571,0
40.635,0
40.667,0
40.715,0
40.763,0
40.827,0
40.874,0
40.937,0
41.001,0
41.064,0
41.128,0
41.176,0
41.24,0
41.302,0
41.365,0
41.413,0
41.477,0
41.525,0
41.589,0
41.636,0
41.684,0
41.732,0
41.78,0
41.843,0
41.891,0
41.923,0
41.954,0
42.0,0
42.048,0
42.08,0
42.127,0
42.158,0
42.205,0
42.237,0
42.285,0
42.317,0
42.349,0
42.396,0
42.444,0
42.46,0
42.492,0
42.54,0
42.588,0
42.636,0
42.684,0
42.731,0
42.779,0
42.811,0
42.859,0
42.907,0
42.953,0
43.016,0
43.064,0
43.126,0
43.19,0
43.253,0
43.317,0
43.365,0
43.428,0
43.491,0
43.555,0
43.619,0
43.683,0
43.731,0
43.795,0
43.843,0
43.906,0
43.954,0
44.002,0
44.05,0
44.113,0
44.161,0
44.193,0
44.225,0
44.272,0
44.32,0
44.352,0
44.4,0
44.448,0
44.48,0
44.512,0
44.544,0
44.592,0
44.623,0
44.671,0
44.719,0
44.735,0
44.751,0
44.797,0
44.828,0
44.875,0
44.907,0
44.939,0
44.986,0
45.018,0
45.05,0
45.066,0
45.098,0
45.114,0
45.146,0
45.194,0
45.226,0
45.257,0
45.288,0
45.351,0
45.415,0
45.463,0
45.511,0
45.543,0
45.591,0
45.655,0
45.703,0
45.766,0
45.83,0
45.894,0
45.942,0
45.99,0
46.022,0
46.086,0
46.149,0
46.197,0
46.261,0
46.325,0
46.388,0
46.436,0
46.467,0
46.514,0
46.562,0
46.61,0
46.658,0
46.721,0
46.769,0
46.833,0
46.896,0
46.944,0
47.008,0
47.072,0
47.135,0
47.183,0
47.229,0
47.261,0
47.308,0
47.34,0
47.356,0
47.388,0
47.435,0
47.483,0
47.515,0
47.563,0
47.61,0
47.658,0
47.706,0
47.738,0
47.786,0
47.834,0
47.882,0
47.913,0
47.961,0
47.992,0
48.024,0
48.04,0
48.088,0
48.12,0
48.168,0
48.2,0
48.232,0
48.28,0
48.328,0
48.359,0
48.407,0
48.455,0
48.503,0
48.551,0
48.598,0
48.63,0
48.662,0
48.709,0
48.741,0
48.788,0
48.852,0
48.915,0
48.963,0
49.008,0
49.055,0
49.119,0
49.183,0
49.231,0
49.279,0
49.326,0
49.39,0
49.453,0
49.501,0
49.549,0
49.597,0
49.645,0
49.691,0
49.739,0
49.787,0
49.819,0
49.851,0
49.899,0
49.946,0
49.994,0
50.042,0
50.074,0
50.122,0
50.17,0
50.217,0
50.265,0
50.313,0
50.345,0
50.393,0
50.44,0
50.488,0
50.536,0
50.584,0
50.631,0
50.679,0
50.711,0
50.727,0
50.775,0
50.807,0
50.854,0
50.886,0
50.934,0
50.965,0
50.997,0
51.045,0
51.093,0
51.125,0
51.157,0
51.205,0
51.253,0
51.301,0
51.333,0
51.38,0
51.428,0
51.476,0
51.524,0
51.572,0
51.604,0
51.652,0
51.7,0
51.762,0
51.827,0
51.89,0
51.938,0
52.002,0
52.066,0
52.129,0
52.193,0
52.24,0
52.304,0
52.352,0
52.416,0
52.462,0
52.526,0
52.59,0
52.638,0
52.686,0
52.734,0
52.782,0
52.83,0
52.893,0
52.957,0
53.021,0
53.085,0
53.133,0
53.197,0
53.26,0
53.308,0
53.372,0
53.436,0
53.5,0
53.564,0
53.627,0
53.675,0
53.739,0
53.787,0
53.851,0
53.915,0
53.978,0
54.041,0
54.089,0
54.121,0
54.169,0
54.217,0
54.265,0
54.297,0
54.344,0
54.392,0
54.44,0
54.488,0
54.536,0
54.584,0
54.632,0
54.648,0
54.696,0
54.727,0
54.774,0
54.822,0
54.869,0
54.917,0
54.949,0
54.997,0
55.045,0
55.076,0
55.124,0
55.172,0
55.22,0
55.253,0
55.283,0
55.315,0
55.347,0
55.379,0
55.411,0
55.459,0
55.506,0
55.538,0
55.586,0
55.634,0
55.682,0
55.713,0
55.745,0
55.793,0
55.825,0
55.872,0
55.92,0
55.968,0
56.0,0
56.048,0
56.08,0
56.112,0
56.175,0
56.222,0
56.286,0
56.35,0
56.414,0
56.478,0
56.526,0
56.589,0
56.652,0
56.715,0
56.763,0
56.827,0
56.875,0
56.908,0
56.954,0
57.018,0
57.066,0
57.114,0
57.178,0
57.242,0
57.306,0
57.353,0
57.417,0
57.465,0
57.498,0
57.561,0
57.624,0
57.672,0
57.735,0
57.783,0
57.847,0
57.879,0
57.927,0
57.959,0
58.023,0
58.086,0
58.134,0
58.182,0
58.214,0
58.261,0
58.308,0
58.356,0
58.388,0
58.436,0
58.484,0
58.532,0
58.58,0
58.628,0
58.659,0
58.707,0
58.755,0
58.803,0
58.835,0
58.882,0
58.93,0
58.977,0
59.025,0
59.057,0
59.105,0
59.152,0
59.2,0
59.247,0
59.263,0
59.295,0
59.326,0
59.374,0
59.437,0
59.485,0
59.533,0
59.58,0
59.644,0
59.691,0
59.755,0
59.819,0
59.866,0
59.929,0
59.977,0
60.041,0
60.105,0
60.168,0
60.232,0
60.28,0
60.344,0
60.406,0
60.47,0
60.534,0
60.597,0
60.645,0
60.709,0
60.773,0
60.821,0
60.885,0
60.949,0
60.98,0
61.012,0
61.06,0
61.092,0
61.14,0
61.172,0
61.204,0
61.236,0
61.284,0
61.316,0
61.347,0
61.395,0
61.443,0
61.475,0
61.507,0
61.539,0
61.587,0
61.619,0
61.651,0
61.699,0
61.715,0
61.762,0
61.81,0
61.857,0
61.905,0
61.953,0
62.001,0
62.033,0
62.08,0
62.128,0
62.16,0
62.191,0
62.239,0
62.287,0
62.335,0
62.383,0
62.431,0
62.478,0
62.526,0
62.574,0
62.606,0
62.654,0
62.67,0
62.718,0
62.75,0
62.797,0
62.843,0
62.891,0
62.923,0
62.971,0
63.003,0
63.051,0
63.099,0
63.147,0
63.179,0
63.226,0
63.274,0
63.306,0
63.354,0
63.402,0
63.45,0
63.497,0
63.561,0
63.624,0
63.688,0
63.752,0
63.816,0
63.88,0
63.943,0
63.99,0
64.038,0
64.102,0
64.15,0
64.197,0
64.245,0
64.309,0
64.369,0
64.417,0
64.465,0
64.513,0
64.577,0
64.624,0
64.656,0
64.672,0
64.719,0
64.766,0
64.814,0
64.846,0
64.894,0
64.926,0
64.958,0
64.99,0
65.022,0
65.07,0
65.102,0
65.133,0
65.165,0
65.213,0
65.261,0
65.309,0
65.357,0
65.389,0
65.436,0
65.484,0
65.532,0
65.58,0
65.628,0
65.676,0
65.723,0
65.77,0
65.802,0
65.834,0
65.882,0
65.929,0
65.977,0
66.009,0
66.056,0
66.104,0
66.152,0
66.184,0
66.216,0
66.248,0
66.295,0
66.359,0
66.39,0
66.438,0
66.501,0
66.565,0
66.629,0
66.693,0
66.757,0
66.82,0
66.884,0
66.948,0
67.012,0
67.076,0
67.138,0
67.202,0
67.25,0
67.314,0
67.362,0
67.426,0
67.49,0
67.537,0
67.601,0
67.665,0
67.729,0
67.793,0
67.84,0
67.887,0
67.951,0
67.983,0
68.031,0
68.079,0
68.111,0
68.143,0
68.191,0
68.238,0
68.286,0
68.334,0
68.382,0
68.398,0
68.445,0
68.493,0
68.541,0
68.557,0
68.588,0
68.636,0
68.668,0
68.716,0
68.764,0
68.812,0
68.844,0
68.892,0
68.956,0
69.003,0
69.051,0
69.099,0
69.147,0
69.179,0
69.227,0
69.243,0
69.291,0
69.323,0
69.37,0
69.418,0
69.45,0
69.497,0
69.545,0
69.593,0
69.624,0
69.671,0
69.703,0
69.735,0
69.766,0
69.813,0
69.861,0
69.908,0
69.971,0
70.019,0
70.082,0
70.129,0
70.177,0
70.24,0
70.304,0
70.352,0
70.416,0
70.478,0
70.541,0
70.573,0
70.637,0
70.701,0
70.749,0
70.797,0
70.844,0
70.876,0
70.908,0
70.972,0
71.019,0
71.067,0
71.115,0
71.163,0
71.211,0
71.258,0
71.306,0
71.353,0
71.401,0
71.433,0
71.481,0
71.513,0
71.561,0
71.609,0
71.655,0
71.702,0
71.749,0
71.797,0
71.844,0
71.891,0
71.955,0
72.019,0
72.051,0
72.098,0
72.162,0
72.21,0
72.258,0
72.322,0
72.384,0
72.447,0
72.51,0
72.574,0
72.638,0
72.701,0
72.765,0
72.813,0
72.876,0
72.94,0
73.004,0
73.068,0
73.13,0
73.178,0
73.226,0
73.274,0
73.305,0
73.352,0
73.384,0
73.43,0
73.478,0
73.525,0
73.573,0
73.621,0
73.653,0
73.701,0
73.748,0
73.796,0
73.843,0
73.891,0
73.939,0
73.987,0
74.019,0
74.082,0
74.145,0
74.208,0
74.256,0
74.32,0
74.384,0
74.448,0
74.495,0
74.542,0
74.574,0
74.622,0
74.67,0
74.733,0
74.797,0
74.845,0
74.892,0
74.94,0
74.988,0
75.036,0
75.1,0
75.164,0
75.212,0
75.274,0
75.322,0
75.354,0
75.402,0
75.45,0
75.513,0
75.545,0
75.576,0
75.622,0
75.67,0
75.702,0
75.75,0
75.798,0
75.845,0
75.877,0
75.909,0
75.957,0
75.988,0
76.019,0
76.051,0
76.083,0
76.113,0
76.145,0
76.177,0
76.209,0
76.241,0
76.273,0
76.305,0
76.321,0
76.352,0
76.399,0
76.447,0
76.495,0
76.543,0
76.607,0
76.655,0
76.719,0
76.766,0
76.814,0
76.862,0
76.926,0
76.99,0
77.038,0
77.086,0
77.133,0
77.181,0
77.245,0
77.293,0
77.341,0
77.389,0
77.453,0
77.5,0
77.564,0
77.628,0
77.676,0
77.724,0
77.788,0
77.836,0
77.899,0
77.947,0
77.995,0
78.059,0
78.091,0
78.155,0
78.219,0
78.266,0
78.329,0
78.393,0
78.457,0
78.521,0
78.568,0
78.616,0
78.679,0
78.727,0
78.775,0
78.823,0
78.871,0
78.919,0
78.951,0
78.998,0
79.046,0
79.062,0
79.11,0
79.142,0
79.174,0
79.238,0
79.285,0
79.333,0
79.365,0
79.396,0
79.444,0
79.476,0
79.524,0
79.556,0
79.604,0
79.652,0
79.684,0
79.716,0
79.764,0
79.811,0
79.859,0
79.891,0
79.938,0
79.97,0
80.002,0
80.034,0
80.082,0
80.129,0
80.161,0
80.193,0
80.225,0
80.272,0
80.32,0
80.367,0
80.415,0
80.461,0
80.493,0
80.509,0
80.541,0
80.589,0
80.621,0
80.653,0
80.685,0
80.717,0
80.749,0
80.797,0
80.828,0
80.86,0
80.892,0
80.94,0
81.003,0
81.066,0
81.113,0
81.144,0
81.206,0
81.27,0
81.318,0
81.382,0
81.445,0
81.493,0
81.557,0
81.604,0
81.652,0
81.7,0
81.732,0
81.78,0
81.827,0
81.859,0
81.907,0
81.955,0
81.986,0
82.034,0
82.08,0
82.128,0
82.176,0
82.208,0
82.271,0
82.319,0
82.367,0
82.399,0
82.447,0
82.495,0
82.543,0
82.59,0
82.622,0
82.654,0
82.686,0
82.718,0
82.766,0
82.813,0
82.861,0
82.893,0
82.94,0
82.986,0
83.034,0
83.081,0
83.129,0
83.177,0
83.241,0
83.305,0
83.368,0
83.416,0
83.48,0
83.543,0
83.591,0
83.655,0
83.718,0
83.766,0
83.83,0
83.877,0
83.941,0
83.973,0
84.021,0
84.068,0
84.132,0
84.18,0
84.228,0
84.276,0
84.324,0
84.387,0
84.434,0
84.498,0
84.561,0
84.609,0
84.656,0
84.687,0
84.734,0
84.766,0
84.798,0
84.829,0
84.861,0
84.893,0
84.925,0
84.972,0
85.019,0
85.067,0
85.099,0
85.147,0
85.194,0
85.242,0
85.274,0
85.321,0
85.353,0
85.385,0
85.417,0
85.449,0
85.481,0
85.513,0
85.56,0
85.624,0
85.687,0
85.751,0
85.799,0
85.847,0
85.911,0
85.973,0
86.021,0
86.069,0
86.101,0
86.149,0
86.213,0
86.277,0
86.324,0
86.372,0
86.436,0
86.484,0
86.532,0
86.579,0
86.643,0
86.688,0
86.736,0
86.768,0
86.8,0
86.848,0
86.88,0
86.911,0
86.942,0
86.99,0
87.006,0
87.053,0
87.084,0
87.132,0
87.163,0
87.21,0
87.258,0
87.306,0
87.338,0
87.37,0
87.418,0
87.466,0
87.497,0
87.545,0
87.576,0
87.623,0
87.671,0
87.734,0
87.797,0
87.86,0
87.924,0
87.986,0
88.05,0
88.113,0
88.175,0
88.223,0
88.271,0
88.303,0
88.351,0
88.383,0
88.431,0
88.479,0
88.526,0
88.573,0
88.605,0
88.637,0
88.669,0
88.717,0
88.749,0
88.781,0
88.813,0
88.861,0
88.892,0
88.94,0
88.988,0
89.036,0
89.068,0
89.116,0
89.164,0
89.212,0
89.259,0
89.29,0
89.337,0
89.385,0
89.433,0
89.465,0
89.512,0
89.544,0
89.575,0
89.607,0
89.654,0
89.686,0
89.718,0
89.766,0
89.798,0
89.83,0
89.878,0
89.91,0
89.942,0
89.989,0
90.037,0
90.1,0
90.147,0
90.194,0
90.258,0
90.322,0
90.385,0
90.449,0
90.513,0
90.577,0
90.639,0
90.703,0
90.75,0
90.798,0
90.862,0
90.926,0
90.99,0
91.054,0
91.118,0
91.181,0
91.245,0
91.293,0
91.325,0
91.388,0
91.436,0
91.483,0
91.53,0
91.577,0
91.625,0
91.673,0
91.72,0
91.768,0
91.816,0
91.864,0
91.895,0
91.943,0
91.991,0
92.023,0
92.071,0
92.103,0
92.15,0
92.197,0
92.243,0
92.306,0
92.37,0
92.433,0
92.497,0
92.545,0
92.609,0
92.654,0
92.718,0
92.782,0
92.828,0
92.875,0
92.923,0
92.971,0
93.017,0
93.065,0
93.113,0
93.161,0
93.209,0
93.241,0
93.288,0
93.32,0
93.351,0
93.397,0
93.445,0
93.493,0
93.541,0
93.604,0
93.636,0
93.668,0
93.714,0
93.762,0
93.826,0
93.874,0
93.937,0
93.985,0
94.033,0
94.081,0
94.127,0
94.19,0
94.238,0
94.301,0
94.365,0
94.429,0
94.492,0
94.556,0
94.618,0
94.665,0
94.697,0
94.729,0
94.777,0
94.825,0
94.857,0
94.904,0
94.952,0
94.984,0
95.016,0
95.063,0
95.111,0
95.159,0
95.191,0
95.239,0
95.287,0
95.319,0
95.351,0
95.399,0
95.43,0
95.478,0
95.51,0
95.542,0
95.59,0
95.622,0
95.638,0
95.67,0
95.702,0
95.749,0
95.796,0
95.828,0
95.86,0
95.891,0
95.923,0
95.939,0
95.971,0
96.003,0
96.051,0
96.083,0
96.131,0
96.178,0
96.225,0
96.273,0
96.321,0
96.353,0
96.385,0
96.433,0
96.481,0
96.513,0
96.56,0
96.592,0
96.64,0
96.672,0
96.704,0
96.766,0
96.813,0
96.876,0
96.939,0
97.003,0
97.066,0
97.097,0
97.144,0
97.192,0
97.224,0
97.271,0
97.319,0
97.35,0
97.398,0
97.446,0
97.478,0
97.526,0
97.558,0
97.589,0
97.637,0
97.685,0
97.732,0
97.764,0
97.796,0
97.844,0
97.892,0
97.94,0
97.988,0
98.02,0
98.052,0
98.099,0
98.131,0
98.179,0
98.227,0
98.259,0
98.307,0
98.339,0
98.355,0
98.402,0
98.45,0
98.481,0
98.513,0
98.561,0
98.609,0
98.641,0
98.689,0
98.737,0
98.784,0
98.831,0
98.879,0
98.911,0
98.958,0
99.022,0
99.069,0
99.133,0
99.181,0
99.228,0
99.276,0
99.34,0
99.388,0
99.452,0
99.516,0
99.58,0
99.642,0
99.69,0
99.754,0
99.802,0
99.85,0
99.882,0
99.945,0
99.992,0
100.04,0
100.088,0
100.135,0
100.199,0
100.247,0
100.295,0
100.342,0
100.39,0
100.438,0
100.486,0
100.518,0
100.55,0
100.597,0
100.645,0
100.677,0
100.724,0
100.756,0
100.788,0
100.82,0
100.852,0
100.884,0
100.916,0
100.964,0
100.996,0
101.044,0
101.076,0
101.106,0
101.138,0
101.186,0
101.218,0
101.25,0
101.282,0
101.328,0
101.36,0
101.392,0
101.44,0
101.487,0
101.535,0
101.567,0
101.615,0
101.647,0
101.695,0
101.743,0
101.791,0
101.822,0
101.854,0
101.886,0
101.902,0
101.95,0
101.982,0
102.014,0
102.062,0
102.11,0
102.142,0
102.19,0
102.22,0
102.268,0
102.316,0
102.362,0
102.41,0
102.474,0
102.522,0
102.585,0
102.648,0
102.679,0
102.727,0
102.791,0
102.838,0
102.902,0
102.95,0
103.013,0
103.077,0
103.14,0
103.188,0
103.252,0
103.3,0
103.364,0
103.412,0
103.475,0
103.539,0
103.587,0
103.619,0
103.667,0
103.699,0
103.731,0
103.763,0
103.811,0
103.842,0
103.89,0
103.922,0
103.954,0
103.986,0
104.034,0
104.066,0
104.113,0
104.161,0
104.192,0
104.239,0
104.271,0
104.319,0
104.351,0
104.399,0
104.431,0
104.463,0
104.495,0
104.543,0
104.591,0
104.622,0
104.653,0
104.701,0
104.749,0
104.781,0
104.829,0
104.845,0
104.893,0
104.925,0
104.957,0
104.989,0
105.02,0
105.068,0
105.115,0
105.162,0
105.21,0
105.258,0
105.305,0
105.353,0
105.415,0
105.479,0
105.543,0
105.591,0
105.639,0
105.687,0
105.735,0
105.798,0
105.846,0
105.894,0
105.958,0
106.006,0
106.07,0
106.133,0
106.18,0
106.227,0
106.289,0
106.337,0
106.368,0
106.4,0
106.448,0
106.48,0
106.512,0
106.544,0
106.59,0
106.622,0
106.67,0
106.686,0
106.734,0
106.781,0
106.828,0
106.876,0
106.892,0
106.939,0
106.986,0
107.034,0
107.066,0
107.114,0
107.162,0
107.193,0
107.225,0
107.273,0
107.305,0
107.353,0
107.384,0
107.431,0
107.495,0
107.559,0
107.623,0
107.687,0
107.735,0
107.798,0
107.844,0
107.907,0
107.969,0
108.001,0
108.049,0
108.112,0
108.174,0
108.206,0
108.221,0
108.253,0
108.284,0
108.332,0
108.38,0
108.428,0
108.476,0
108.507,0
108.539,0
108.571,0
108.603,0
108.635,0
108.667,0
108.698,0
108.73,0
108.778,0
108.81,0
108.842,0
108.874,0
108.89,0
108.938,0
108.969,0
109.017,0
109.048,0
109.079,0
109.127,0
109.175,0
109.223,0
109.255,0
109.287,0
109.319,0
109.366,0
109.429,0
109.476,0
109.524,0
109.571,0
109.619,0
109.683,0
109.731,0
109.795,0
109.857,0
109.92,0
109.967,0
110.031,0
110.095,0
110.127,0
110.175,0
110.222,0
110.27,0
110.318,0
110.366,0
110.397,0
110.445,0
110.493,0
110.541,0
110.556,0
110.588,0
110.62,0
110.652,0
110.684,0
110.716,0
110.748,0
110.78,0
110.812,0
110.86,0
110.908,0
110.939,0
110.986,0
111.002,0
111.034,0
111.066,0
111.114,0
111.146,0
111.194,0
111.226,0
111.242,0
111.274,0
111.306,0
111.337,0
111.385,0
111.417,0
111.449,0
111.481,0
111.513,0
111.545,0
111.577,0
111.609,0
111.64,0
111.688,0
111.735,0
111.767,0
111.799,0
111.815,0
111.847,0
111.879,0
111.927,0
111.975,0
112.023,0
112.071,0
112.102,0
112.134,0
112.181,0
112.229,0
112.277,0
112.325,0
112.356,0
112.419,0
112.483,0
112.546,0
112.61,0
112.656,0
112.72,0
112.768,0
112.832,0
112.88,0
112.944,0
113.008,0
113.071,0
113.135,0
113.199,0
113.247,0
113.295,0
113.358,0
113.421,0
113.468,0
113.532,0
113.596,0
113.66,0
113.708,0
113.756,0
113.788,0
113.85,0
113.898,0
113.946,0
113.977,0
114.025,0
114.073,0
114.121,0
114.168,0
114.215,0
114.247,0
114.279,0
114.311,0
114.359,0
114.407,0
114.455,0
114.487,0
114.534,0
114.566,0
114.597,0
114.629,0
114.676,0
114.724,0
114.756,0
114.788,0
114.836,0
114.868,0
114.915,0
114.947,0
114.994,0
115.026,0
115.058,0
115.106,0
115.138,0
115.17,0
115.217,0
115.281,0
115.344,0
115.408,0
115.472,0
115.52,0
115.567,0
115.631,0
115.693,0
115.739,0
115.787,0
115.835,0
115.899,0
115.962,0
115.994,0
116.042,0
116.089,0
116.137,0
116.185,0
116.233,0
116.265,0
116.297,0
116.329,0
116.377,0
116.409,0
116.44,0
116.487,0
116.535,0
116.583,0
116.615,0
116.663,0
116.695,0
116.743,0
116.791,0
116.838,0
116.886,0
116.932,0
116.964,0
116.996,0
117.028,0
117.076,0
117.092,0
117.139,0
117.187,0
117.218,0
117.265,0
117.311,0
117.359,0
117.406,0
117.454,0
117.517,0
117.58,0
117.644,0
117.708,0
117.771,0
117.819,0
117.882,0
117.928,0
117.992,0
118.056,0
118.12,0
118.167,0
118.198,0
118.246,0
118.278,0
118.309,0
118.341,0
118.389,0
118.437,0
118.485,0
118.533,0
118.565,0
118.597,0
118.645,0
118.677,0
118.708,0
118.756,0
118.804,0
118.834,0
118.882,0
118.913,0
118.96,0
119.008,0
119.055,0
119.103,0
119.151,0
119.183,0
119.215,0
119.263,0
119.31,0
119.358,0
119.421,0
119.485,0
119.533,0
119.581,0
119.628,0
119.676,0
119.74,0
119.801,0
119.864,0
119.928,0
119.976,0
120.024,0
