tijd,meetwaarde
0.034,0
0.066,0
0.113,0
0.144,0
0.19,0
0.253,0
0.316,0
0.38,0
0.444,0
0.508,0
0.555,0
0.617,0
0.664,0
0.728,0
0.792,0
0.855,0
0.918,0
0.949,0
0.98,0
1.012,0
1.06,0
1.092,0
1.124,0
1.156,0
1.204,0
1.251,0
1.299,0
1.346,0
1.378,0
1.426,0
1.474,0
1.522,0
1.554,0
1.601,0
1.633,0
1.681,0
1.727,0
1.775,0
1.823,0
1.869,0
1.932,0
1.996,0
2.059,0
2.122,0
2.17,0
2.218,0
2.281,0
2.344,0
2.408,0
2.455,0
2.519,0
2.567,0
2.631,0
2.678,0
2.742,0
2.805,0
2.868,0
2.916,0
2.948,0
2.979,0
3.011,0
3.059,0
3.107,0
3.154,0
3.201,0
3.249,0
3.297,0
3.345,0
3.393,0
3.44,0
3.488,0
3.536,0
3.583,0
3.614,0
3.662,0
3.694,0
3.725,0
3.773,0
3.805,0
3.853,0
3.901,0
3.931,0
3.979,0
4.027,0
4.09,0
4.137,0
4.201,0
4.264,0
4.326,0
4.374,0
4.437,0
4.499,0
4.546,0
4.578,0
4.626,0
4.658,0
4.705,0
4.753,0
4.8,0
4.846,0
4.894,0
4.942,0
4.99,0
5.038,0
5.085,0
5.117,0
5.164,0
5.196,0
5.228,0
5.276,0
5.308,0
5.356,0
5.388,0
5.42,0
5.451,0
5.498,0
5.53,0
5.562,0
5.578,0
5.626,0
5.674,0
5.706,0
5.754,0
5.786,0
5.833,0
5.896,0
5.944,0
6.008,0
6.071,0
6.119,0
6.167,0
6.23,0
6.278,0
6.342,0
6.39,0
6.454,0
6.516,0
6.546,0
6.594,0
6.657,0
6.689,0
6.753,0
6.801,0
6.848,0
6.88,0
6.927,0
6.975,0
7.023,0
7.055,0
7.103,0
7.135,0
7.165,0
7.213,0
7.245,0
7.277,0
7.324,0
7.372,0
7.419,0
7.467,0
7.514,0
7.562,0
7.594,0
7.626,0
7.673,0
7.705,0
7.753,0
7.784,0
7.83,0
7.894,0
7.941,0
8.005,0
8.068,0
8.132,0
8.196,0
8.258,0
8.32,0
8.384,0
8.432,0
8.478,0
8.526,0
8.558,0
8.589,0
8.636,0
8.684,0
8.716,0
8.764,0
8.795,0
8.843,0
8.891,0
8.923,0
8.971,0
9.019,0
9.067,0
9.099,0
9.147,0
9.193,0
9.225,0
9.271,0
9.319,0
9.38,0
9.443,0
9.491,0
9.554,0
9.618,0
9.681,0
9.729,0
9.792,0
9.84,0
9.902,0
9.933,0
9.981,0
10.012,0
10.043,0
10.091,0
10.123,0
10.155,0
10.203,0
10.235,0
10.266,0
10.296,0
10.344,0
10.391,0
10.423,0
10.454,0
10.502,0
10.534,0
10.581,0
10.629,0
10.692,0
10.756,0
10.819,0
10.883,0
10.947,0
11.011,0
11.072,0
11.135,0
11.183,0
11.246,0
11.292,0
11.34,0
11.388,0
11.434,0
11.465,0
11.497,0
11.529,0
11.577,0
11.625,0
11.673,0
11.705,0
11.753,0
11.799,0
11.847,0
11.878,0
11.925,0
11.973,0
12.02,0
12.068,0
12.131,0
12.193,0
12.241,0
12.305,0
12.353,0
12.416,0
12.479,0
12.527,0
12.589,0
12.653,0
12.701,0
12.765,0
12.829,0
12.893,0
12.956,0
13.018,0
13.066,0
13.114,0
13.146,0
13.193,0
13.241,0
13.289,0
13.336,0
13.384,0
13.432,0
13.48,0
13.528,0
13.576,0
13.624,0
13.67,0
13.702,0
13.734,0
13.766,0
13.813,0
13.845,0
13.877,0
13.924,0
13.956,0
14.004,0
14.051,0
14.098,0
14.161,0
14.225,0
14.273,0
14.337,0
14.401,0
14.464,0
14.511,0
14.559,0
14.623,0
14.687,0
14.735,0
14.798,0
14.845,0
14.893,0
14.941,0
15.005,0
15.069,0
15.133,0
15.196,0
15.243,0
15.29,0
15.337,0
15.368,0
15.414,0
15.462,0
15.51,0
15.557,0
15.605,0
15.653,0
15.701,0
15.748,0
15.78,0
15.812,0
15.843,0
15.89,0
15.921,0
15.969,0
16.017,0
16.065,0
16.113,0
16.145,0
16.193,0
16.24,0
16.303,0
16.367,0
16.414,0
16.461,0
16.509,0
16.557,0
16.621,0
16.668,0
16.732,0
16.779,0
16.843,0
16.891,0
16.939,0
16.986,0
17.049,0
17.095,0
17.143,0
17.191,0
17.222,0
17.27,0
17.302,0
17.334,0
17.382,0
17.412,0
17.459,0
17.507,0
17.555,0
17.602,0
17.65,0
17.698,0
17.73,0
17.761,0
17.792,0
17.84,0
17.887,0
17.95,0
18.013,0
18.061,0
18.109,0
18.156,0
18.219,0
18.281,0
18.345,0
18.409,0
18.472,0
18.52,0
18.568,0
18.631,0
18.679,0
18.727,0
18.775,0
18.822,0
18.87,0
18.918,0
18.964,0
19.011,0
19.058,0
19.09,0
19.137,0
19.183,0
19.23,0
19.277,0
19.34,0
19.388,0
19.435,0
19.497,0
19.545,0
19.575,0
19.623,0
19.687,0
19.735,0
19.798,0
19.846,0
19.894,0
19.942,0
19.988,0
20.036,0
20.068,0
20.1,0
20.147,0
20.195,0
20.227,0
20.274,0
20.306,0
20.336,0
20.384,0
20.432,0
20.48,0
20.511,0
20.543,0
20.591,0
20.639,0
20.671,0
20.703,0
20.734,0
20.781,0
20.813,0
20.861,0
20.909,0
20.957,0
20.989,0
21.021,0
21.084,0
21.147,0
21.193,0
21.256,0
21.318,0
21.381,0
21.413,0
21.46,0
21.508,0
21.539,0
21.584,0
21.616,0
21.664,0
21.712,0
21.744,0
21.792,0
21.84,0
21.872,0
21.919,0
21.95,0
21.981,0
22.012,0
22.075,0
22.139,0
22.203,0
22.267,0
22.331,0
22.394,0
22.458,0
22.522,0
22.57,0
22.634,0
22.698,0
22.758,0
22.822,0
22.869,0
22.917,0
22.981,0
23.044,0
23.075,0
23.123,0
23.169,0
23.217,0
23.264,0
23.296,0
23.344,0
23.376,0
23.423,0
23.468,0
23.515,0
23.578,0
23.626,0
23.674,0
23.737,0
23.785,0
23.849,0
23.912,0
23.976,0
24.024,0
24.086,0
24.15,0
24.213,0
24.276,0
24.323,0
24.355,0
24.387,0
24.434,0
24.465,0
24.513,0
24.561,0
24.609,0
24.656,0
24.703,0
24.751,0
24.783,0
24.83,0
24.877,0
24.909,0
24.957,0
24.989,0
25.035,0
25.067,0
25.113,0
25.176,0
25.24,0
25.303,0
25.351,0
25.399,0
25.445,0
25.508,0
25.555,0
25.618,0
25.666,0
25.713,0
25.745,0
25.775,0
25.823,0
25.871,0
25.919,0
25.967,0
25.998,0
26.029,0
26.076,0
26.107,0
26.139,0
26.171,0
26.218,0
26.266,0
26.297,0
26.345,0
26.377,0
26.425,0
26.473,0
26.521,0
26.553,0
26.601,0
26.647,0
26.695,0
26.743,0
26.79,0
26.854,0
26.917,0
26.981,0
27.045,0
27.106,0
27.169,0
27.217,0
27.281,0
27.329,0
27.393,0
27.439,0
27.471,0
27.503,0
27.534,0
27.581,0
27.629,0
27.66,0
27.692,0
27.724,0
27.756,0
27.788,0
27.835,0
27.867,0
27.915,0
27.947,0
27.979,0
28.027,0
28.074,0
28.106,0
28.154,0
28.184,0
28.232,0
28.28,0
28.328,0
28.375,0
28.422,0
28.485,0
28.547,0
28.595,0
28.643,0
28.705,0
28.768,0
28.832,0
28.88,0
28.944,0
29.007,0
29.055,0
29.101,0
29.148,0
29.18,0
29.228,0
29.276,0
29.324,0
29.372,0
29.404,0
29.452,0
29.499,0
29.547,0
29.595,0
29.643,0
29.675,0
29.723,0
29.77,0
29.817,0
29.865,0
29.911,0
29.958,0
30.006,0
30.054,0
30.1,0
30.163,0
30.211,0
30.274,0
30.337,0
30.385,0
30.449,0
30.497,0
30.544,0
30.608,0
30.656,0
30.703,0
30.751,0
30.815,0
30.877,0
30.925,0
30.973,0
31.005,0
31.053,0
31.101,0
31.117,0
31.164,0
31.212,0
31.258,0
31.304,0
31.352,0
31.384,0
31.432,0
31.464,0
31.496,0
31.543,0
31.574,0
31.622,0
31.67,0
31.717,0
31.764,0
31.827,0
31.891,0
31.955,0
32.019,0
32.066,0
32.13,0
32.193,0
32.256,0
32.32,0
32.384,0
32.431,0
32.479,0
32.526,0
32.574,0
32.638,0
32.686,0
32.734,0
32.797,0
32.845,0
32.907,0
32.954,0
33.002,0
33.05,0
33.082,0
33.13,0
33.177,0
33.209,0
33.257,0
33.304,0
33.352,0
33.384,0
33.416,0
33.464,0
33.511,0
33.558,0
33.59,0
33.637,0
33.684,0
33.716,0
33.764,0
33.796,0
33.844,0
33.875,0
33.922,0
33.97,0
34.033,0
34.097,0
34.145,0
34.209,0
34.257,0
34.287,0
34.35,0
34.414,0
34.478,0
34.526,0
34.589,0
34.652,0
34.715,0
34.763,0
34.826,0
34.874,0
34.906,0
34.954,0
34.986,0
35.018,0
35.049,0
35.081,0
35.112,0
35.144,0
35.176,0
35.207,0
35.255,0
35.303,0
35.35,0
35.382,0
35.428,0
35.475,0
35.523,0
35.571,0
35.603,0
35.635,0
35.667,0
35.715,0
35.746,0
35.793,0
35.84,0
35.903,0
35.967,0
36.014,0
36.078,0
36.126,0
36.189,0
36.253,0
36.317,0
36.365,0
36.429,0
36.493,0
36.556,0
36.619,0
36.682,0
36.73,0
36.778,0
36.826,0
36.889,0
36.92,0
36.967,0
37.014,0
37.045,0
37.092,0
37.124,0
37.156,0
37.188,0
37.22,0
37.252,0
37.299,0
37.347,0
37.378,0
37.41,0
37.458,0
37.506,0
37.554,0
37.601,0
37.648,0
37.695,0
37.743,0
37.806,0
37.87,0
37.933,0
37.981,0
38.044,0
38.108,0
38.156,0
38.204,0
38.251,0
38.298,0
38.362,0
38.425,0
38.489,0
38.553,0
38.617,0
38.664,0
38.711,0
38.759,0
38.79,0
38.838,0
38.886,0
38.933,0
38.981,0
39.013,0
39.061,0
39.109,0
39.156,0
39.187,0
39.235,0
39.267,0
39.299,0
39.331,0
39.362,0
39.41,0
39.442,0
39.49,0
39.537,0
39.585,0
39.632,0
39.664,0
39.696,0
39.728,0
39.776,0
39.824,0
39.872,0
39.919,0
39.95,0
39.982,0
40.03,0
40.062,0
40.11,0
40.142,0
40.174,0
40.206,0
40.254,0
40.285,0
40.332,0
40.38,0
40.443,0
40.491,0
40.555,0
40.618,0
40.681,0
40.745,0
40.793,0
40.857,0
40.92,0
40.983,0
41.046,0
41.11,0
41.158,0
41.222,0
41.269,0
41.301,0
41.333,0
41.38,0
41.411,0
41.459,0
41.507,0
41.539,0
41.587,0
41.619,0
41.65,0
41.698,0
41.73,0
41.778,0
41.809,0
41.857,0
41.903,0
41.951,0
41.999,0
42.031,0
42.079,0
42.127,0
42.173,0
42.204,0
42.252,0
42.3,0
42.348,0
42.396,0
42.443,0
42.507,0
42.57,0
42.618,0
42.682,0
42.746,0
42.81,0
42.874,0
42.935,0
42.999,0
43.062,0
43.126,0
43.174,0
43.222,0
43.284,0
43.348,0
43.396,0
43.46,0
43.523,0
43.57,0
43.602,0
43.634,0
43.682,0
43.713,0
43.761,0
43.793,0
43.841,0
43.873,0
43.905,0
43.953,0
44.001,0
44.049,0
44.081,0
44.128,0
44.176,0
44.224,0
44.272,0
44.319,0
44.367,0
44.414,0
44.462,0
44.494,0
44.542,0
44.589,0
44.636,0
44.668,0
44.7,0
44.747,0
44.795,0
44.843,0
44.89,0
44.938,0
45.0,0
45.047,0
45.111,0
45.175,0
45.223,0
45.287,0
45.335,0
45.398,0
45.445,0
45.509,0
45.556,0
45.619,0
45.666,0
45.714,0
45.778,0
45.81,0
45.858,0
45.906,0
45.937,0
45.968,0
46.014,0
46.046,0
46.094,0
46.142,0
46.174,0
46.221,0
46.269,0
46.315,0
46.331,0
46.347,0
46.395,0
46.427,0
46.459,0
46.506,0
46.554,0
46.586,0
46.633,0
46.681,0
46.727,0
46.791,0
46.855,0
46.919,0
46.967,0
47.031,0
47.079,0
47.142,0
47.205,0
47.253,0
47.317,0
47.381,0
47.445,0
47.508,0
47.572,0
47.619,0
47.683,0
47.746,0
47.793,0
47.839,0
47.886,0
47.934,0
47.982,0
48.03,0
48.077,0
48.109,0
48.157,0
48.205,0
48.253,0
48.3,0
48.331,0
48.363,0
48.411,0
48.459,0
48.507,0
48.539,0
48.571,0
48.603,0
48.649,0
48.696,0
48.744,0
48.776,0
48.823,0
48.871,0
48.919,0
48.967,0
49.029,0
49.077,0
49.14,0
49.203,0
49.267,0
49.315,0
49.378,0
49.441,0
49.504,0
49.568,0
49.616,0
49.679,0
49.727,0
49.775,0
49.839,0
49.886,0
49.934,0
49.982,0
50.014,0
50.062,0
50.11,0
50.126,0
50.158,0
50.19,0
50.237,0
50.285,0
50.333,0
50.365,0
50.413,0
50.461,0
50.477,0
50.492,0
50.524,0
50.555,0
50.587,0
50.618,0
50.666,0
50.682,0
50.714,0
50.746,0
50.794,0
50.842,0
50.89,0
50.922,0
50.954,0
50.985,0
51.017,0
51.065,0
51.113,0
51.145,0
51.176,0
51.191,0
51.239,0
51.271,0
51.303,0
51.335,0
51.366,0
51.398,0
51.445,0
51.477,0
51.509,0
51.541,0
51.589,0
51.637,0
51.669,0
51.701,0
51.748,0
51.795,0
51.857,0
51.921,0
51.985,0
52.017,0
52.065,0
52.128,0
52.191,0
52.239,0
52.302,0
52.35,0
52.398,0
52.446,0
52.491,0
52.523,0
52.571,0
52.619,0
52.667,0
52.715,0
52.747,0
52.794,0
52.842,0
52.873,0
52.905,0
52.953,0
53.001,0
53.049,0
53.081,0
53.129,0
53.177,0
53.209,0
53.256,0
53.287,0
53.335,0
53.383,0
53.431,0
53.463,0
53.495,0
53.543,0
53.59,0
53.622,0
53.67,0
53.718,0
53.766,0
53.814,0
53.862,0
53.91,0
53.957,0
54.005,0
54.021,0
54.069,0
54.117,0
54.165,0
54.212,0
54.259,0
54.307,0
54.338,0
54.386,0
54.434,0
54.482,0
54.53,0
54.594,0
54.658,0
54.721,0
54.784,0
54.848,0
54.894,0
54.958,0
55.006,0
55.07,0
55.117,0
55.165,0
55.229,0
55.293,0
55.357,0
55.404,0
55.468,0
55.515,0
55.579,0
55.611,0
55.659,0
55.707,0
55.755,0
55.802,0
55.833,0
55.881,0
55.928,0
55.975,0
56.007,0
56.039,0
56.087,0
56.135,0
56.167,0
56.198,0
56.246,0
56.292,0
56.34,0
56.387,0
56.435,0
56.467,0
56.499,0
56.547,0
56.593,0
56.624,0
56.671,0
56.733,0
56.797,0
56.844,0
56.908,0
56.972,0
57.034,0
57.082,0
57.128,0
57.176,0
57.224,0
57.271,0
57.319,0
57.351,0
57.382,0
57.429,0
57.46,0
57.492,0
57.524,0
57.572,0
57.619,0
57.651,0
57.667,0
57.713,0
57.759,0
57.822,0
57.869,0
57.933,0
57.981,0
58.045,0
58.093,0
58.14,0
58.187,0
58.234,0
58.297,0
58.361,0
58.425,0
58.489,0
58.552,0
58.599,0
58.647,0
58.695,0
58.727,0
58.775,0
58.791,0
58.839,0
58.886,0
58.918,0
58.965,0
59.013,0
59.045,0
59.077,0
59.125,0
59.173,0
59.221,0
59.268,0
59.299,0
59.331,0
59.379,0
59.426,0
59.474,0
59.522,0
59.57,0
59.618,0
59.665,0
59.696,0
59.743,0
59.775,0
59.823,0
59.871,0
59.919,0
59.965,0
60.028,0
60.075,0
60.123,0
60.186,0
60.249,0
60.297,0
60.361,0
60.409,0
60.472,0
60.534,0
60.598,0
60.662,0
60.694,0
60.726,0
60.758,0
60.789,0
60.837,0
60.885,0
60.932,0
60.964,0
61.012,0
61.044,0
61.092,0
61.124,0
61.171,0
61.203,0
61.25,0
61.282,0
61.33,0
61.378,0
61.426,0
61.458,0
61.505,0
61.552,0
61.583,0
61.615,0
61.663,0
61.711,0
61.759,0
61.807,0
61.855,0
61.902,0
61.934,0
61.981,0
62.028,0
62.076,0
62.108,0
62.156,0
62.204,0
62.252,0
62.316,0
62.379,0
62.427,0
62.491,0
62.555,0
62.619,0
62.683,0
62.73,0
62.793,0
62.857,0
62.921,0
62.985,0
63.049,0
63.097,0
63.16,0
63.208,0
63.254,0
63.318,0
63.381,0
63.429,0
63.476,0
63.539,0
63.557,0
63.587,0
63.635,0
63.682,0
63.729,0
63.761,0
63.793,0
63.84,0
63.872,0
63.919,0
63.967,0
64.015,0
64.047,0
64.095,0
64.127,0
64.159,0
64.207,0
64.238,0
64.285,0
64.333,0
64.365,0
64.397,0
64.429,0
64.461,0
64.493,0
64.541,0
64.557,0
64.588,0
64.619,0
64.651,0
64.683,0
64.715,0
64.763,0
64.811,0
64.859,0
64.907,0
64.955,0
64.987,0
65.018,0
65.066,0
65.098,0
65.146,0
65.194,0
65.226,0
65.258,0
65.305,0
65.369,0
65.432,0
65.496,0
65.544,0
65.607,0
65.67,0
65.734,0
65.781,0
65.829,0
65.877,0
65.925,0
65.989,0
66.053,0
66.101,0
66.163,0
66.227,0
66.291,0
66.354,0
66.402,0
66.466,0
66.529,0
66.593,0
66.625,0
66.672,0
66.718,0
66.766,0
66.798,0
66.846,0
66.877,0
66.909,0
66.941,0
66.987,0
67.034,0
67.082,0
67.13,0
67.178,0
67.21,0
67.241,0
67.271,0
67.335,0
67.399,0
67.447,0
67.495,0
67.543,0
67.606,0
67.653,0
67.701,0
67.749,0
67.812,0
67.876,0
67.924,0
67.988,0
68.051,0
68.114,0
68.178,0
68.242,0
68.306,0
68.37,0
68.433,0
68.497,0
68.545,0
68.609,0
68.657,0
68.705,0
68.767,0
68.798,0
68.83,0
68.878,0
68.91,0
68.958,0
69.005,0
69.053,0
69.101,0
69.148,0
69.18,0
69.228,0
69.276,0
69.324,0
69.356,0
69.388,0
69.436,0
69.468,0
69.5,0
69.547,0
69.594,0
69.642,0
69.674,0
69.722,0
69.769,0
69.817,0
69.865,0
69.913,0
69.961,0
70.008,0
70.04,0
70.072,0
70.103,0
70.151,0
70.198,0
70.23,0
70.246,0
70.294,0
70.341,0
70.373,0
70.405,0
70.437,0
70.469,0
70.501,0
70.533,0
70.58,0
70.628,0
70.692,0
70.756,0
70.804,0
70.852,0
70.916,0
70.963,0
71.027,0
71.075,0
71.139,0
71.187,0
71.235,0
71.283,0
71.331,126
71.378,6591
71.442,13845
71.506,18341
71.538,19747
71.586,19788
71.634,19385
71.697,18653
71.743,17480
71.79,16583
71.854,15154
71.918,10357
71.965,5796
72.029,3729
72.077,2076
72.125,1336
72.156,856
72.203,631
72.251,391
72.298,223
72.346,112
72.378,24
72.41,0
72.442,0
72.474,0
72.521,0
72.553,0
72.6,0
72.632,0
72.679,0
72.711,0
72.743,0
72.759,0
72.775,0
72.807,0
72.855,0
72.903,0
72.951,0
72.982,0
73.014,0
73.062,0
73.11,0
73.158,0
73.19,0
73.222,0
73.27,0
73.318,0
73.365,0
73.397,0
73.445,0
73.477,0
73.525,0
73.557,0
73.604,0
73.636,0
73.684,0
73.716,0
73.731,0
73.763,0
73.81,0
73.858,0
73.922,0
73.97,0
74.034,0
74.082,0
74.145,0
74.208,0
74.272,0
74.336,0
74.399,0
74.463,0
74.526,0
74.59,0
74.654,0
74.702,0
74.75,0
74.814,0
74.876,0
74.94,0
75.004,0
75.068,0
75.116,0
75.18,0
75.227,0
75.275,0
75.323,0
75.386,0
75.418,0
75.466,0
75.498,0
75.53,0
75.562,0
75.593,0
75.624,0
75.672,0
75.719,0
75.767,0
75.815,0
75.847,0
75.878,0
75.91,0
75.942,0
75.989,0
76.021,0
76.069,0
76.117,0
76.165,0
76.197,0
76.245,0
76.277,0
76.309,0
76.34,0
76.387,0
76.434,0
76.482,0
76.514,0
76.546,0
76.562,0
76.594,0
76.626,0
76.658,0
76.69,0
76.721,0
76.769,0
76.817,0
76.865,0
76.897,0
76.945,0
76.993,0
77.041,0
77.089,0
77.151,0
77.215,0
77.278,0
77.342,0
77.406,0
77.453,0
77.5,0
77.548,0
77.612,0
77.676,0
77.74,0
77.788,0
77.852,0
77.899,0
77.963,0
78.011,0
78.043,0
78.107,0
78.171,0
78.234,0
78.297,0
78.345,0
78.393,0
78.425,0
78.473,0
78.537,0
78.601,0
78.649,0
78.68,0
78.727,0
78.743,0
78.791,0
78.839,0
78.887,0
78.919,0
78.967,0
78.999,0
79.031,0
79.078,0
79.126,0
79.174,0
79.222,0
79.254,0
79.302,0
79.35,0
79.397,0
79.429,0
79.475,0
79.522,0
79.569,0
79.617,0
79.665,0
79.712,0
79.76,0
79.807,0
79.839,0
79.887,0
79.935,0
79.967,0
79.999,0
80.047,0
80.095,0
80.143,0
80.19,0
80.222,0
80.27,0
80.318,0
80.381,0
80.445,0
80.509,0
80.556,0
80.603,0
80.667,0
80.715,0
80.779,0
80.827,0
80.875,0
80.938,0
80.986,0
81.034,0
81.081,0
81.145,0
81.193,0
81.241,0
81.289,0
81.352,0
81.416,0
81.48,0
81.528,0
81.56,0
81.608,0
81.656,0
81.719,0
81.767,0
81.831,0
81.878,0
81.942,0
82.006,0
82.069,0
82.1,0
82.148,0
82.196,0
82.228,0
82.26,0
82.292,0
82.324,0
82.372,0
82.404,0
82.435,0
82.467,0
82.515,0
82.547,0
82.595,0
82.627,0
82.675,0
82.691,0
82.739,0
82.755,0
82.787,0
82.834,0
82.866,0
82.914,0
82.946,0
82.977,0
83.009,0
83.041,0
83.073,0
83.12,0
83.168,0
83.216,0
83.247,0
83.295,0
83.327,0
83.359,0
83.407,0
83.455,0
83.487,0
83.519,0
83.551,0
83.583,0
83.615,0
83.662,0
83.71,0
83.741,0
83.773,0
83.821,0
83.837,0
83.885,0
83.933,0
83.981,0
84.013,0
84.058,0
84.121,0
84.169,0
84.232,0
84.28,0
84.328,0
84.376,0
84.423,0
84.487,0
84.55,0
84.613,0
84.661,0
84.724,0
84.787,0
84.834,0
84.882,0
84.93,0
84.961,0
84.977,0
85.009,0
85.041,0
85.072,0
85.12,0
85.152,0
85.2,0
85.248,0
85.295,0
85.342,0
85.39,0
85.438,0
85.486,0
85.534,0
85.582,0
85.614,0
85.662,0
85.709,0
85.741,0
85.789,0
85.821,0
85.869,0
85.917,0
85.965,0
86.013,0
86.061,0
86.092,0
86.14,0
86.172,0
86.218,0
86.266,0
86.298,0
86.346,0
86.378,0
86.426,0
86.456,0
86.503,0
86.567,0
86.631,0
86.693,0
86.756,0
86.82,0
86.883,0
86.947,0
87.011,0
87.074,0
87.138,0
87.201,0
87.265,0
87.329,0
87.392,0
87.424,0
87.456,0
87.504,0
87.536,0
87.566,0
87.598,0
87.628,0
87.692,0
87.739,0
87.786,0
87.834,0
87.882,0
87.929,0
87.961,0
88.009,0
88.057,0
88.104,0
88.152,0
88.199,0
88.231,0
88.279,0
88.327,0
88.375,0
88.439,0
88.503,0
88.551,0
88.598,0
88.646,0
88.71,0
88.774,0
88.822,0
88.886,0
88.949,0
88.997,0
89.061,0
89.124,0
89.171,0
89.235,0
89.283,0
89.346,0
89.41,0
89.458,0
89.522,0
89.586,0
89.634,0
89.696,0
89.758,0
89.79,0
89.838,0
89.886,0
89.934,0
89.981,0
90.013,0
90.06,0
90.107,0
90.139,0
90.171,0
90.219,0
90.267,0
90.315,0
90.362,0
90.41,0
90.442,0
90.488,0
90.536,0
90.584,0
90.632,0
90.679,0
90.695,0
90.742,0
90.804,0
90.852,0
90.9,0
90.963,0
91.027,0
91.091,0
91.139,0
91.202,0
91.266,0
91.314,0
91.362,0
91.426,0
91.489,0
91.537,0
91.584,0
91.648,0
91.696,0
91.759,0
91.807,0
91.855,0
91.903,0
91.95,0
91.997,0
92.045,0
92.108,0
92.14,0
92.172,0
92.204,0
92.252,0
92.284,0
92.315,0
92.347,0
92.395,0
92.442,0
92.474,0
92.522,0
92.554,0
92.586,0
92.618,0
92.666,0
92.713,0
92.729,0
92.777,0
92.824,0
92.856,0
92.904,0
92.952,0
92.984,0
93.016,0
93.048,0
93.095,0
93.127,0
93.159,0
93.207,0
93.255,0
93.287,0
93.335,0
93.383,0
93.415,0
93.462,0
93.478,0
93.51,0
93.558,0
93.59,0
93.638,0
93.686,0
93.734,0
93.781,0
93.812,0
93.86,0
93.892,0
93.924,0
93.972,0
94.004,0
94.036,0
94.068,0
94.116,0
94.164,0
94.211,0
94.259,0
94.275,0
94.323,0
94.371,0
94.419,0
94.451,0
94.498,0
94.546,0
94.593,0
94.657,0
94.721,0
94.769,0
94.833,0
94.897,0
94.943,0
95.007,0
95.071,0
95.135,0
95.199,0
95.262,0
95.325,0
95.373,0
95.437,0
95.501,0
95.533,0
95.581,0
95.629,0
95.677,0
95.74,0
95.787,0
95.835,0
95.882,0
95.93,0
95.978,0
96.042,0
96.09,0
96.138,0
96.154,0
96.186,0
96.218,0
96.265,0
96.297,0
96.329,0
96.377,0
96.425,0
96.457,0
96.489,0
96.521,0
96.553,0
96.6,0
96.632,0
96.648,0
96.679,0
96.71,0
96.742,0
96.774,0
96.806,0
96.837,0
96.885,0
96.922,0
96.965,0
96.981,0
97.013,0
97.045,0
97.077,0
97.108,0
97.156,0
97.187,0
97.219,0
97.251,0
97.299,0
97.331,0
97.363,0
97.411,0
97.443,0
97.475,0
97.522,0
97.554,0
97.586,0
97.634,0
97.682,0
97.714,0
97.746,0
97.778,0
97.826,0
97.874,0
97.905,0
97.953,0
98.001,0
98.048,0
98.064,0
98.112,0
98.16,0
98.192,0
98.224,0
98.271,0
98.303,0
98.349,0
98.413,0
98.477,0
98.541,0
98.604,0
98.652,0
98.699,0
98.762,0
98.826,0
98.874,0
98.922,0
98.97,0
99.034,0
99.081,0
99.145,0
99.209,0
99.257,0
99.289,0
99.353,0
99.417,0
99.464,0
99.528,0
99.576,0
99.64,0
99.704,0
99.767,0
99.814,0
99.878,0
99.926,0
99.974,0
100.006,0
100.038,0
100.07,0
100.102,0
100.134,0
100.182,0
100.229,0
100.275,0
100.323,0
100.371,0
100.419,0
100.467,0
100.515,0
100.561,0
100.609,0
100.657,0
100.689,0
100.721,0
100.753,0
100.801,0
100.833,0
100.865,0
100.913,0
100.96,0
100.992,0
101.024,0
101.056,0
101.088,0
101.136,0
101.184,0
101.216,0
101.248,0
101.28,0
101.327,0
101.375,0
101.423,0
101.455,0
101.503,0
101.535,0
101.567,0
101.613,0
101.661,0
101.708,0
101.724,0
101.771,0
101.835,0
101.882,0
101.945,0
101.993,0
102.057,0
102.12,0
102.184,0
102.232,0
102.296,0
102.359,0
102.423,0
102.487,0
102.534,0
102.598,0
102.646,0
102.678,0
102.725,0
102.789,0
102.837,0
102.885,0
102.933,0
102.98,0
103.044,0
103.092,0
103.124,0
103.188,0
103.236,0
103.284,0
103.316,0
103.364,0
103.412,0
103.459,0
103.491,0
103.523,0
103.571,0
103.619,0
103.651,0
103.683,0
103.715,0
103.763,0
103.81,0
103.858,0
103.889,0
103.936,0
103.984,0
104.032,0
104.08,0
104.111,0
104.159,0
104.207,0
104.254,0
104.302,0
104.333,0
104.365,0
104.413,0
104.445,0
104.492,0
104.524,0
104.571,0
104.602,0
104.633,0
104.68,0
104.743,0
104.791,0
104.839,0
104.886,0
104.934,0
104.998,0
105.046,0
105.108,0
105.156,0
105.22,0
105.267,0
105.331,0
105.379,0
105.427,0
105.475,0
105.507,0
105.571,0
105.634,0
105.682,0
105.73,0
105.794,0
105.841,0
105.889,0
105.936,0
105.983,0
106.014,0
106.062,0
106.094,0
106.126,0
106.157,0
106.205,0
106.253,0
106.285,0
106.317,0
106.348,0
106.396,0
106.428,0
106.46,0
106.492,0
106.524,0
106.556,0
106.604,0
106.62,0
106.652,0
106.699,0
106.746,0
106.792,0
106.84,0
106.887,0
106.951,0
106.999,0
107.063,0
107.111,0
107.157,0
107.221,0
107.285,0
107.349,0
107.397,0
107.445,0
107.508,0
107.571,0
107.635,0
107.698,0
107.761,0
107.809,0
107.872,0
107.904,0
107.952,0
107.983,0
108.014,0
108.046,0
108.093,0
108.124,0
108.172,0
108.22,0
108.268,0
108.316,0
108.364,0
108.395,0
108.443,0
108.475,0
108.506,0
108.538,0
108.586,0
108.634,0
108.682,0
108.73,0
108.777,0
108.823,0
108.884,0
108.948,0
109.011,0
109.074,0
109.122,0
109.169,0
109.233,0
109.295,0
109.357,0
109.405,0
109.453,0
109.484,0
109.516,0
109.563,0
109.595,0
109.643,0
109.69,0
109.738,0
109.786,0
109.833,0
109.864,0
109.912,0
109.944,0
109.991,0
110.023,0
110.071,0
110.119,0
110.151,0
110.182,0
110.23,0
110.261,0
110.308,0
110.372,0
110.42,0
110.484,0
110.548,0
110.611,0
110.675,0
110.739,0
110.803,0
110.867,0
110.93,0
110.993,0
111.056,0
111.103,0
111.167,0
111.231,0
111.295,0
111.342,0
111.389,0
111.421,0
111.469,0
111.516,0
111.564,0
111.612,0
111.659,0
111.707,0
111.738,0
111.786,0
111.817,0
111.849,0
111.897,0
111.945,0
111.976,0
112.024,0
112.071,0
112.102,0
112.134,0
112.182,0
112.23,0
112.262,0
112.293,0
112.341,0
112.373,0
112.405,0
112.453,0
112.5,0
112.548,0
112.58,0
112.627,0
112.691,0
112.755,0
112.819,0
112.882,0
112.93,0
112.978,0
113.041,0
113.104,0
113.151,0
113.215,0
113.263,0
113.311,0
113.375,0
113.421,0
113.485,0
113.549,0
113.612,0
113.676,0
113.723,0
113.755,0
113.77,0
113.802,0
113.85,0
113.881,0
113.928,0
113.975,0
114.023,0
114.071,0
114.103,0
114.151,0
114.198,0
114.246,0
114.294,0
114.326,0
114.373,0
114.421,0
114.469,0
114.517,0
114.548,0
114.58,0
114.611,0
114.659,0
114.707,0
114.739,0
114.787,0
114.835,0
114.883,0
114.914,0
114.946,0
114.978,0
115.025,0
115.072,0
115.12,0
115.168,0
115.231,0
115.294,0
115.342,0
115.39,0
115.453,0
115.501,0
115.549,0
115.612,0
115.675,0
115.723,0
115.787,0
115.851,0
115.914,0
115.946,0
115.994,0
116.041,0
116.073,0
116.105,0
116.137,0
116.185,0
116.231,0
116.279,0
116.327,0
116.375,0
116.422,0
116.469,0
116.516,0
116.548,0
116.58,0
116.611,0
116.643,0
116.675,0
116.707,0
116.739,0
116.787,0
116.834,0
116.881,0
116.913,0
116.944,0
116.976,0
117.008,0
117.056,0
117.119,0
117.183,0
117.246,0
117.309,0
117.356,0
117.42,0
117.468,0
117.5,0
117.548,0
117.611,0
117.674,0
117.722,0
117.77,0
117.834,0
117.882,0
117.946,0
118.01,0
118.073,0
118.137,0
118.185,0
118.249,0
118.297,0
118.361,0
118.408,0
118.472,0
118.534,0
118.582,0
118.629,0
118.677,0
118.725,0
118.741,0
118.789,0
118.837,0
118.885,0
118.917,0
118.964,0
118.996,0
119.043,0
119.075,0
119.123,0
119.155,0
119.187,0
119.219,0
119.266,0
119.298,0
119.345,0
119.393,0
119.441,0
119.473,0
119.505,0
119.536,0
119.584,0
119.632,0
119.68,0
119.727,0
119.759,0
119.807,0
119.839,0
119.887,0
119.919,0
119.967,0
119.999,0
120.031,0
tijd,meetwaarde
0.024,0
0.041,0
0.057,0
0.07,0
0.089,0
0.102,0
0.12,0
0.134,0
0.154,0
0.168,0
0.182,0
0.2,0
0.212,0
0.233,0
0.247,0
0.261,0
0.281,0
0.296,0
0.309,0
0.325,0
0.345,0
0.358,0
0.374,0
0.387,0
0.404,0
0.42,0
0.441,0
0.454,0
0.47,0
0.489,0
0.504,0
0.519,0
0.536,0
0.553,0
0.564,0
0.581,0
0.6,0
0.617,0
0.633,0
0.645,0
0.663,0
0.678,0
0.694,0
0.71,0
0.726,0
0.743,0
0.76,0
0.777,0
0.792,0
0.805,0
0.821,0
0.84,0
0.856,0
0.87,0
0.888,0
0.902,0
0.918,0
0.935,0
0.945,0
0.966,0
0.981,0
0.999,0
1.013,0
1.029,0
1.069,0
1.133,0
1.181,0
1.245,0
1.309,0
1.371,0
1.418,0
1.482,0
1.53,0
1.594,0
1.642,0
1.674,0
1.721,0
1.753,0
1.785,0
1.817,0
1.849,0
1.881,0
1.913,0
1.929,0
1.977,0
2.009,0
2.04,0
2.07,0
2.118,0
2.166,0
2.198,0
2.23,0
2.262,0
2.31,0
2.358,0
2.406,0
2.452,0
2.484,0
2.516,0
2.548,0
2.596,0
2.644,0
2.692,0
2.74,0
2.772,0
2.819,0
2.883,0
2.931,0
2.979,0
3.026,0
3.058,0
3.104,0
3.136,0
3.168,0
3.199,0
3.23,0
3.277,0
3.341,0
3.404,0
3.451,0
3.515,0
3.578,0
3.626,0
3.673,0
3.721,0
3.769,0
3.816,0
3.879,0
3.911,0
3.942,0
3.99,0
4.037,0
4.084,0
4.1,0
4.116,0
4.164,0
4.212,0
4.26,0
4.292,0
4.323,0
4.371,0
4.419,0
4.467,0
4.499,0
4.547,0
4.579,0
4.611,0
4.659,0
4.69,0
4.738,0
4.77,0
4.818,0
4.849,0
4.881,0
4.928,0
4.976,0
5.008,0
5.056,0
5.102,0
5.15,0
5.181,0
5.245,0
5.293,0
5.341,0
5.389,0
5.435,0
5.499,0
5.546,0
5.61,0
5.674,0
5.722,0
5.769,0
5.816,0
5.848,0
5.912,0
5.976,0
6.023,0
6.07,0
6.101,0
6.148,0
6.195,0
6.242,0
6.274,0
6.306,0
6.354,0
6.402,0
6.45,0
6.498,0
6.545,0
6.593,0
6.641,0
6.673,0
6.705,0
6.752,0
6.8,0
6.832,0
6.88,0
6.927,0
6.974,0
7.006,0
7.054,0
7.086,0
7.118,0
7.166,0
7.214,0
7.246,0
7.278,0
7.294,0
7.325,0
7.357,0
7.388,0
7.436,0
7.483,0
7.531,0
7.578,0
7.626,0
7.658,0
7.705,0
7.769,0
7.816,0
7.864,0
7.927,0
7.991,0
8.054,0
8.102,0
8.166,0
8.213,0
8.277,0
8.34,0
8.388,0
8.42,0
8.451,0
8.483,0
8.529,0
8.561,0
8.593,0
8.64,0
8.672,0
8.719,0
8.767,0
8.798,0
8.829,0
8.877,0
8.909,0
8.957,0
9.005,0
9.052,0
9.084,0
9.132,0
9.163,0
9.21,0
9.273,0
9.321,0
9.385,0
9.449,0
9.513,0
9.559,0
9.622,0
9.685,0
9.749,0
9.797,0
9.861,0
9.924,0
9.972,0
10.019,0
10.066,0
10.114,0
10.162,0
10.21,0
10.258,0
10.305,0
10.321,0
10.353,0
10.385,0
10.417,0
10.449,0
10.497,0
10.513,0
10.545,0
10.593,0
10.641,0
10.688,0
10.72,0
10.768,0
10.816,0
10.864,0
10.896,0
10.927,0
10.959,0
10.975,0
11.007,0
11.038,0
11.07,0
11.117,0
11.149,0
11.197,0
11.229,0
11.261,0
11.293,0
11.309,0
11.325,0
11.357,0
11.389,0
11.42,0
11.452,0
11.5,0
11.532,0
11.58,0
11.612,0
11.644,0
11.676,0
11.724,0
11.772,0
11.803,0
11.819,0
11.867,0
11.899,0
11.93,0
11.978,0
12.01,0
12.042,0
12.074,0
12.105,0
12.137,0
12.168,0
12.2,0
12.232,0
12.264,0
12.312,0
12.359,0
12.391,0
12.439,0
12.502,0
12.565,0
12.628,0
12.692,0
12.739,0
12.771,0
12.835,0
12.898,0
12.961,0
13.025,0
13.089,0
13.136,0
13.168,0
13.216,0
13.247,0
13.279,0
13.326,0
13.358,0
13.374,0
13.405,0
13.437,0
13.469,0
13.517,0
13.549,0
13.597,0
13.645,0
13.676,0
13.708,0
13.756,0
13.804,0
13.852,0
13.883,0
13.931,0
13.963,0
14.011,0
14.058,0
14.106,0
14.138,0
14.186,0
14.218,0
14.25,0
14.282,0
14.314,0
14.362,0
14.394,0
14.425,0
14.473,0
14.521,0
14.569,0
14.601,0
14.648,0
14.696,0
14.744,0
14.791,38
14.838,5185
14.87,12845
14.916,15978
14.979,18567
15.042,19743
15.106,19489
15.154,18561
15.201,17674
15.264,16770
15.312,15548
15.344,11291
15.392,8452
15.456,5428
15.52,3040
15.583,1672
15.63,936
15.694,594
15.742,302
15.773,155
15.821,89
15.868,1
15.9,0
15.93,0
15.978,0
16.026,0
16.074,0
16.122,0
16.17,0
16.218,0
16.25,0
16.266,0
16.281,0
16.329,0
16.361,0
16.393,0
16.425,0
16.441,0
16.457,0
16.489,0
16.537,0
16.569,0
16.617,0
16.633,0
16.68,0
16.712,0
16.76,0
16.808,0
16.84,0
16.888,0
16.92,0
16.967,0
16.999,0
17.029,0
17.061,0
17.109,0
17.141,0
17.189,0
17.252,0
17.316,0
17.362,0
17.425,0
17.473,0
17.521,0
17.567,0
17.631,0
17.695,0
17.759,0
17.806,0
17.87,0
17.934,0
17.982,0
18.046,0
18.11,0
18.157,0
18.221,0
18.269,0
18.333,0
18.396,0
18.427,0
18.475,0
18.522,0
18.57,0
18.601,0
18.633,0
18.665,0
18.713,0
18.761,0
18.793,0
18.841,0
18.889,0
18.936,0
18.968,0
19.0,0
19.032,0
19.08,0
19.128,0
19.176,0
19.208,0
19.255,0
19.302,0
19.334,0
19.365,0
19.413,0
19.445,0
19.493,0
19.525,0
19.557,0
19.605,0
19.652,0
19.7,0
19.732,0
19.78,0
19.828,0
19.875,0
19.907,0
19.955,0
19.986,0
20.049,0
20.097,0
20.161,0
20.209,0
20.257,0
20.321,0
20.385,0
20.432,0
20.496,0
20.56,0
20.608,0
20.672,0
20.736,0
20.799,0
20.862,0
20.926,0
20.99,0
21.054,0
21.101,0
21.164,0
21.228,0
21.276,0
21.34,0
21.388,0
21.436,0
21.483,0
21.545,0
21.593,0
21.625,0
21.672,0
21.719,0
21.75,0
21.798,0
21.814,0
21.862,0
21.908,0
21.94,0
21.988,0
22.02,0
22.068,0
22.1,0
22.148,0
22.196,0
22.244,0
22.291,0
22.339,0
22.387,0
22.435,0
22.467,0
22.515,0
22.546,0
22.594,0
22.641,0
22.689,0
22.721,0
22.769,0
22.801,0
22.833,0
22.881,0
22.929,0
22.961,0
23.008,0
23.056,0
23.119,0
23.167,0
23.215,0
23.279,0
23.343,0
23.406,0
23.454,0
23.518,0
23.566,0
23.614,0
23.678,0
23.742,0
23.804,0
23.852,0
23.916,0
23.98,0
24.044,0
24.108,0
24.171,0
24.235,0
24.299,0
24.363,0
24.426,0
24.49,0
24.537,0
24.601,0
24.665,0
24.729,0
24.777,0
24.841,0
24.904,0
24.968,0
25.032,0
25.064,0
25.128,0
25.191,0
25.223,0
25.27,0
25.318,0
25.366,0
25.414,0
25.461,0
25.509,0
25.556,0
25.587,0
25.619,0
25.666,0
25.698,0
25.746,0
25.794,0
25.826,0
25.874,0
25.906,0
25.938,0
25.985,0
26.032,0
26.064,0
26.112,0
26.144,0
26.176,0
26.222,0
26.27,0
26.318,0
26.366,0
26.397,0
26.444,0
26.508,0
26.572,0
26.62,0
26.667,0
26.731,0
26.762,0
26.826,0
26.857,0
26.905,0
26.953,0
27.017,0
27.065,0
27.112,0
27.175,0
27.223,0
27.271,0
27.335,0
27.383,0
27.431,0
27.494,0
27.542,0
27.59,0
27.638,0
27.702,0
27.75,0
27.798,0
27.846,0
27.909,0
27.973,0
28.037,0
28.101,0
28.133,0
28.181,0
28.213,0
28.26,0
28.292,0
28.324,0
28.372,0
28.404,0
28.436,0
28.468,0
28.5,0
28.548,0
28.579,0
28.611,0
28.642,0
28.674,0
28.706,0
28.738,0
28.786,0
28.834,0
28.866,0
28.898,0
28.93,0
28.962,0
29.009,0
29.057,0
29.089,0
29.121,0
29.169,0
29.185,0
29.217,0
29.249,0
29.297,0
29.345,0
29.376,0
29.392,0
29.439,0
29.471,0
29.519,0
29.567,0
29.599,0
29.631,0
29.679,0
29.727,0
29.743,0
29.775,0
29.806,0
29.839,0
29.886,0
29.934,0
29.982,0
30.014,0
30.062,0
30.094,0
30.126,0
30.158,0
30.19,0
30.237,0
30.269,0
30.317,0
30.365,0
30.413,0
30.461,0
30.509,0
30.541,0
30.605,0
30.637,0
30.668,0
30.716,0
30.764,0
30.796,0
30.828,0
30.876,0
30.908,0
30.924,0
30.972,0
31.004,0
31.035,0
31.067,0
31.099,0
31.131,0
31.163,0
31.195,0
31.227,0
31.259,0
31.291,0
31.323,0
31.355,0
31.402,0
31.434,0
31.466,0
31.514,0
31.546,0
31.594,0
31.642,0
31.674,0
31.706,0
31.738,0
31.769,0
31.785,0
31.833,0
31.865,0
31.897,0
31.929,0
31.977,0
32.009,0
32.041,0
32.089,0
32.12,0
32.152,0
32.216,0
32.263,0
32.311,0
32.375,0
32.439,0
32.487,0
32.534,0
32.582,0
32.63,0
32.678,0
32.726,0
32.79,0
32.838,0
32.885,0
32.949,0
32.997,0
33.061,0
33.124,0
33.188,0
33.251,0
33.315,0
33.362,0
33.409,0
33.472,0
33.504,0
33.552,0
33.6,0
33.63,0
33.678,0
33.726,0
33.774,0
33.822,0
33.87,0
33.918,0
33.949,0
33.997,0
34.044,0
34.092,0
34.14,0
34.188,0
34.22,0
34.267,0
34.299,0
34.331,0
34.363,0
34.379,0
34.426,0
34.474,0
34.505,0
34.553,0
34.601,0
34.647,0
34.694,0
34.742,0
34.805,0
34.853,0
34.917,0
34.981,0
35.029,0
35.077,0
35.124,0
35.17,0
35.218,0
35.265,0
35.313,0
35.377,0
35.441,0
35.504,0
35.552,0
35.616,0
35.679,0
35.727,0
35.791,0
35.839,0
35.902,0
35.934,0
35.982,0
36.03,0
36.062,0
36.11,0
36.158,0
36.19,0
36.237,0
36.284,0
36.3,0
36.348,0
36.396,0
36.444,0
36.476,0
36.523,0
36.571,0
36.603,0
36.65,0
36.682,0
36.73,0
36.761,0
36.792,0
36.824,0
36.872,0
36.92,0
36.951,0
36.967,0
37.014,0
37.061,0
37.109,0
37.141,0
37.173,0
37.22,0
37.284,0
37.347,0
37.41,0
37.474,0
37.522,0
37.57,0
37.618,0
37.666,0
37.713,0
37.76,0
37.808,0
37.856,0
37.903,0
37.95,0
37.998,0
38.045,0
38.108,0
38.156,0
38.204,0
38.236,0
38.284,0
38.332,0
38.38,0
38.412,0
38.442,0
38.474,0
38.521,0
38.568,0
38.615,0
38.663,0
38.711,0
38.759,0
38.806,0
38.837,0
38.868,0
38.915,0
38.963,0
38.995,0
39.043,0
39.09,0
39.153,0
39.201,0
39.265,0
39.329,0
39.393,0
39.456,0
39.52,0
39.584,0
39.648,0
39.712,0
39.775,0
39.838,0
39.901,0
39.948,0
40.012,0
40.076,0
40.124,0
40.186,0
40.233,0
40.281,0
40.313,0
40.344,0
40.392,0
40.44,0
40.488,0
40.535,0
40.582,0
40.614,0
40.662,0
40.71,0
40.758,0
40.79,0
40.822,0
40.87,0
40.901,0
40.949,0
40.997,0
41.029,0
41.061,0
41.109,0
41.141,0
41.172,0
41.22,0
41.268,0
41.3,0
41.347,0
41.378,0
41.41,0
41.441,0
41.488,0
41.552,0
41.614,0
41.678,0
41.741,0
41.789,0
41.837,0
41.9,0
41.948,0
41.996,0
42.028,0
42.092,0
42.154,0
42.202,0
42.25,0
42.298,0
42.346,0
42.41,0
42.474,0
42.521,0
42.585,0
42.616,0
42.648,0
42.696,0
42.712,0
42.744,0
42.792,0
42.823,0
42.855,0
42.886,0
42.917,0
42.949,0
42.981,0
43.029,0
43.061,0
43.092,0
43.124,0
43.172,0
43.188,0
43.22,0
43.251,0
43.283,0
43.315,0
43.346,0
43.393,0
43.44,0
43.472,0
43.504,0
43.536,0
43.568,0
43.616,0
43.678,0
43.726,0
43.774,0
43.822,0
43.886,0
43.948,0
44.011,0
44.074,0
44.122,0
44.17,0
44.218,0
44.266,0
44.298,0
44.346,0
44.393,0
44.457,0
44.488,0
44.552,0
44.599,0
44.647,0
44.679,0
44.71,0
44.726,0
44.773,0
44.821,0
44.853,0
44.885,0
44.933,0
44.981,0
45.029,0
45.061,0
45.077,0
45.109,0
45.14,0
45.188,0
45.22,0
45.268,0
45.316,0
45.348,0
45.38,0
45.428,0
45.476,0
45.507,0
45.555,0
45.603,0
45.635,0
45.683,0
45.699,0
45.731,0
45.779,0
45.811,0
45.843,0
45.874,0
45.906,0
45.954,0
45.986,0
46.034,0
46.066,0
46.114,0
46.146,0
46.178,0
46.225,0
46.272,0
46.304,0
46.352,0
46.4,0
46.432,0
46.48,0
46.528,0
46.575,0
46.607,0
46.638,0
46.686,0
46.733,0
46.765,0
46.813,0
46.861,0
46.925,0
46.988,0
47.052,0
47.1,0
47.164,0
47.228,0
47.292,0
47.356,0
47.419,0
47.483,0
47.531,0
47.579,0
47.643,0
47.691,0
47.754,0
47.802,0
47.866,0
47.93,0
47.994,0
48.042,0
48.09,0
48.137,0
48.185,0
48.233,0
48.281,0
48.344,0
48.408,0
48.456,0
48.503,0
48.567,0
48.63,0
48.677,0
48.741,0
48.789,0
48.837,0
48.9,0
48.93,0
48.946,0
48.977,0
49.009,0
49.057,0
49.089,0
49.137,0
49.169,0
49.201,0
49.248,0
49.264,0
49.311,0
49.342,0
49.39,0
49.438,0
49.47,0
49.502,0
49.55,0
49.566,0
49.598,0
49.646,0
49.677,0
49.725,0
49.772,0
49.804,0
49.852,0
49.9,0
49.916,0
49.963,0
50.01,0
50.072,0
50.119,0
50.167,0
50.231,0
50.294,0
50.342,0
50.406,0
50.453,0
50.501,0
50.565,0
50.629,0
50.693,0
50.741,0
50.805,0
50.852,0
50.916,0
50.964,0
51.028,0
51.076,0
51.14,0
51.187,0
51.235,0
51.299,0
51.363,0
51.427,0
51.491,0
51.555,0
51.618,0
51.666,0
51.714,0
51.745,0
51.793,0
51.857,0
51.873,0
51.905,0
51.953,0
52.001,0
52.017,0
52.064,0
52.111,0
52.143,0
52.191,0
52.238,0
52.27,0
52.302,0
52.35,0
52.398,0
52.446,0
52.477,0
52.525,0
52.557,0
52.589,0
52.621,0
52.653,0
52.685,0
52.733,0
52.781,0
52.797,0
52.845,0
52.876,0
52.908,0
52.94,0
52.988,0
53.036,0
53.084,0
53.116,0
53.164,0
53.212,0
53.242,0
53.289,0
53.336,0
53.368,0
53.416,0
53.464,0
53.512,0
53.576,0
53.622,0
53.67,0
53.718,0
53.782,0
53.83,0
53.894,0
53.957,0
54.02,0
54.068,0
54.132,0
54.18,0
54.228,0
54.292,0
54.356,0
54.419,0
54.467,0
54.515,0
54.579,0
54.643,0
54.707,0
54.769,0
54.833,0
54.88,0
54.928,0
54.991,0
55.039,0
55.102,0
55.15,0
55.182,0
55.214,0
55.261,0
55.309,0
55.357,0
55.389,0
55.421,0
55.468,0
55.499,0
55.545,0
55.593,0
55.641,0
55.689,0
55.706,0
55.753,0
55.801,0
55.833,0
55.88,0
55.927,0
55.959,0
56.007,0
56.039,0
56.071,0
56.102,0
56.15,0
56.214,0
56.259,0
56.307,0
56.37,0
56.434,0
56.497,0
56.544,0
56.59,0
56.638,0
56.701,0
56.749,0
56.781,0
56.813,0
56.844,0
56.892,0
56.924,0
56.956,0
56.987,0
57.019,0
57.051,0
57.099,0
57.131,0
57.163,0
57.195,0
57.243,0
57.275,0
57.323,0
57.354,0
57.386,0
57.434,0
57.482,0
57.514,0
57.546,0
57.578,0
57.626,0
57.674,0
57.721,0
57.769,0
57.817,0
57.849,0
57.881,0
57.912,0
57.944,0
57.976,0
58.024,0
58.071,0
58.118,0
58.15,0
58.198,0
58.229,0
58.277,0
58.325,0
58.357,0
58.405,0
58.437,0
58.453,0
58.484,0
58.532,0
58.564,0
58.612,0
58.66,0
58.692,0
58.724,0
58.771,0
58.818,0
58.881,0
58.929,0
58.993,0
59.057,0
59.104,0
59.152,0
59.2,0
59.246,0
59.294,0
59.341,0
59.404,0
59.452,0
59.484,0
59.548,0
59.596,0
59.643,0
59.691,0
59.723,0
59.755,0
59.803,0
59.851,0
59.883,0
59.931,0
59.978,0
60.026,0
60.074,0
60.106,0
60.138,0
60.169,0
60.216,0
60.248,0
60.296,0
60.343,0
60.391,0
60.423,0
60.455,0
60.487,0
60.519,0
60.551,0
60.599,0
60.647,0
60.694,0
60.726,0
60.742,0
60.79,0
60.838,0
60.886,0
60.918,0
60.95,0
60.982,0
61.012,0
61.044,0
61.092,0
61.123,0
61.171,0
61.202,0
61.25,0
61.282,0
61.33,0
61.378,0
61.44,0
61.503,0
61.551,0
61.614,0
61.678,0
61.726,0
61.79,0
61.837,0
61.9,0
61.964,0
62.012,0
62.06,0
62.108,0
62.156,0
62.203,0
62.267,0
62.331,0
62.379,0
62.427,0
62.491,0
62.555,0
62.602,0
62.65,0
62.714,0
62.778,0
62.826,0
62.89,0
62.953,0
63.017,0
63.049,0
63.096,0
63.144,0
63.176,0
63.224,0
63.272,0
63.319,0
63.367,0
63.415,0
63.463,0
63.495,0
63.526,0
63.574,0
63.606,0
63.638,0
63.685,0
63.717,0
63.765,0
63.813,0
63.861,0
63.909,0
63.957,0
64.005,0
64.052,0
64.084,0
64.116,0
64.164,0
64.196,0
64.244,0
64.292,0
64.34,0
64.388,0
64.436,0
64.483,0
64.515,0
64.546,0
64.594,0
64.642,0
64.69,0
64.738,0
64.786,0
64.833,0
64.865,0
64.913,0
64.96,0
65.007,0
65.055,0
65.118,0
65.182,0
65.245,0
65.309,0
65.372,0
65.437,0
65.5,0
65.563,0
65.627,0
65.691,0
65.755,0
65.819,0
65.882,0
65.945,0
66.009,0
66.073,0
66.136,0
66.184,0
66.248,0
66.311,0
66.359,0
66.423,0
66.471,0
66.535,0
66.599,0
66.647,0
66.694,0
66.758,0
66.807,0
66.87,0
66.918,0
66.966,0
67.014,0
67.061,0
67.093,0
67.141,0
67.189,0
67.237,0
67.285,0
67.333,0
67.365,0
67.397,0
67.427,0
67.473,0
67.521,0
67.553,0
67.585,0
67.617,0
67.649,0
67.665,0
67.713,0
67.761,0
67.793,0
67.839,0
67.871,0
67.903,0
67.935,0
67.983,0
68.015,0
68.063,0
68.094,0
68.142,0
68.189,0
68.221,0
68.269,0
68.301,0
68.333,0
68.365,0
68.413,0
68.461,0
68.493,0
68.54,0
68.572,0
68.604,0
68.652,0
68.684,0
68.716,0
68.748,0
68.78,0
68.828,0
68.876,0
68.939,0
69.002,0
69.064,0
69.127,0
69.191,0
69.239,0
69.302,0
69.366,0
69.43,0
69.494,0
69.542,0
69.59,0
69.653,0
69.7,0
69.748,0
69.812,0
69.876,0
69.94,0
69.988,0
70.036,0
70.067,0
70.099,0
70.145,0
70.193,0
70.241,0
70.272,0
70.319,0
70.351,0
70.383,0
70.415,0
70.431,0
70.478,0
70.51,0
70.558,0
70.589,0
70.637,0
70.684,0
70.716,0
70.748,0
70.78,0
70.828,0
70.86,0
70.906,0
70.953,0
71.017,0
71.065,0
71.129,0
71.177,0
71.225,0
71.271,0
71.335,0
71.399,0
71.431,0
71.479,0
71.527,0
71.591,0
71.654,0
71.718,0
71.766,0
71.83,0
71.877,0
71.925,0
71.973,0
72.036,0
72.084,0
72.146,0
72.162,0
72.194,0
72.225,0
72.257,0
72.289,0
72.337,0
72.369,0
72.416,0
72.448,0
72.48,0
72.512,0
72.56,0
72.592,0
72.624,0
72.672,0
72.72,0
72.752,0
72.783,0
72.83,0
72.862,0
72.894,0
72.926,0
72.973,0
73.005,0
73.069,0
73.101,0
73.133,0
73.165,0
73.212,0
73.244,0
73.292,0
73.324,0
73.356,0
73.388,0
73.42,0
73.452,0
73.5,0
73.548,0
73.596,0
73.642,0
73.674,0
73.69,0
73.738,0
73.786,0
73.802,0
73.849,0
73.881,0
73.913,0
73.945,0
73.977,0
74.024,0
74.056,0
74.104,0
74.152,0
74.184,0
74.232,0
74.264,0
74.312,0
74.36,0
74.392,0
74.439,0
74.503,0
74.551,0
74.583,0
74.647,0
74.695,0
74.759,0
74.806,0
74.87,0
74.918,0
74.982,0
75.046,0
75.11,0
75.173,0
75.221,0
75.285,0
75.333,0
75.397,0
75.461,0
75.524,0
75.57,0
75.634,0
75.697,0
75.761,0
75.808,0
75.871,0
75.902,0
75.934,0
75.966,0
76.014,0
76.045,0
76.077,0
76.109,0
76.157,0
76.189,0
76.221,0
76.237,0
76.269,0
76.301,0
76.332,0
76.364,0
76.412,0
76.428,0
76.476,0
76.524,0
76.556,0
76.588,0
76.62,0
76.652,0
76.684,0
76.731,0
76.778,0
76.794,0
76.842,0
76.889,0
76.921,0
76.952,0
76.984,0
77.032,0
77.064,0
77.112,0
77.144,0
77.176,0
77.208,0
77.239,0
77.287,0
77.318,0
77.35,0
77.382,0
77.43,0
77.462,0
77.51,0
77.542,0
77.59,0
77.622,0
77.669,0
77.701,0
77.733,0
77.765,0
77.797,0
77.845,0
77.893,0
77.956,0
78.003,0
78.035,0
78.083,0
78.131,0
78.195,0
78.243,0
78.291,0
78.323,0
78.371,0
78.434,0
78.498,0
78.562,0
78.626,0
78.69,0
78.738,0
78.801,0
78.849,0
78.897,0
78.961,0
79.007,0
79.07,0
79.118,0
79.166,0
79.23,0
79.294,0
79.357,0
79.405,0
79.469,0
79.517,0
79.581,0
79.629,0
79.677,0
79.724,0
79.772,0
79.82,0
79.884,0
79.916,0
79.948,0
79.98,0
80.012,0
80.044,0
80.075,0
80.107,0
80.155,0
80.203,0
80.235,0
80.251,0
80.283,0
80.33,0
80.378,0
80.41,0
80.458,0
80.506,0
80.553,0
80.585,0
80.617,0
80.649,0
80.681,0
80.729,0
80.761,0
80.808,0
80.856,0
80.904,0
80.936,0
80.983,0
81.015,0
81.062,0
81.11,0
81.158,0
81.206,0
81.238,0
81.286,0
81.333,0
81.365,0
81.413,0
81.461,0
81.493,0
81.525,0
81.573,0
81.621,0
81.669,0
81.716,0
81.748,0
81.78,0
81.828,0
81.876,0
81.923,0
81.955,0
81.987,0
82.019,0
82.051,0
82.099,0
82.146,0
82.194,0
82.242,0
82.274,0
82.337,0
82.401,0
82.465,0
82.528,0
82.56,0
82.624,0
82.672,0
82.72,0
82.784,0
82.848,0
82.911,0
82.958,0
83.006,0
83.054,0
83.117,0
83.181,0
83.245,0
83.308,0
83.356,0
83.42,0
83.484,0
83.532,0
83.58,0
83.644,0
83.708,0
83.771,0
83.819,0
83.883,0
83.93,0
83.978,0
84.026,0
84.074,0
84.137,0
84.185,0
84.249,0
84.313,0
84.345,0
84.393,0
84.457,0
84.488,0
84.536,0
84.584,0
84.648,0
84.68,0
84.727,0
84.775,0
84.807,0
84.854,0
84.886,0
84.918,0
84.966,0
84.998,0
85.046,0
85.078,0
85.126,0
85.158,0
85.205,0
85.252,0
85.284,0
85.316,0
85.364,0
85.412,0
85.444,0
85.492,0
85.524,0
85.556,0
85.602,0
85.65,0
85.682,0
85.73,0
85.778,0
85.826,0
85.858,0
85.906,0
85.938,0
85.985,0
86.017,0
86.033,0
86.08,0
86.111,0
86.127,0
86.175,0
86.222,0
86.27,0
86.317,0
86.365,0
86.429,0
86.461,0
86.509,0
86.573,0
86.62,0
86.668,0
86.715,0
86.778,0
86.826,0
86.89,0
86.938,0
86.986,0
87.018,0
87.064,0
87.111,0
87.159,0
87.223,0
87.287,0
87.351,0
87.399,0
87.431,0
87.462,0
87.51,0
87.558,0
87.59,0
87.622,0
87.67,0
87.718,0
87.75,0
87.782,0
87.829,0
87.861,0
87.893,0
87.925,0
87.957,0
87.989,0
88.021,0
88.053,0
88.101,0
88.133,0
88.181,0
88.212,0
88.244,0
88.292,0
88.308,0
88.356,0
88.388,0
88.436,0
88.484,0
88.516,0
88.548,0
88.595,0
88.627,0
88.659,0
88.707,0
88.755,0
88.803,0
88.851,0
88.899,0
88.931,0
88.962,0
88.994,0
89.01,0
89.042,0
89.09,0
89.137,0
89.169,0
89.217,0
89.249,0
89.281,0
89.328,0
89.36,0
89.408,0
89.456,0
89.504,0
89.536,0
89.584,0
89.616,0
89.632,0
89.68,0
89.711,0
89.743,0
89.774,0
89.822,0
89.854,0
89.902,0
89.95,0
89.998,0
90.03,0
90.062,0
90.108,0
90.156,0
90.188,0
90.204,0
90.252,0
90.3,0
90.332,0
90.38,0
90.428,0
90.459,0
90.507,0
90.57,0
90.633,0
90.697,0
90.761,0
90.809,0
90.872,0
90.92,0
90.952,0
91.016,0
91.064,0
91.112,0
91.16,0
91.207,0
91.255,0
91.319,0
91.367,0
91.415,0
91.479,0
91.527,0
91.59,0
91.638,0
91.702,0
91.734,0
91.782,0
91.83,0
91.878,0
91.925,0
91.957,0
92.005,0
92.053,0
92.101,0
92.149,0
92.213,0
92.277,0
92.324,0
92.388,0
92.436,0
92.484,0
92.548,0
92.612,0
92.659,0
92.721,0
92.753,0
92.801,0
92.849,0
92.881,0
92.929,0
92.945,0
92.961,0
92.993,0
93.041,0
93.088,0
93.104,0
93.136,0
93.168,0
93.216,0
93.264,0
93.296,0
93.344,0
93.376,0
93.423,0
93.455,0
93.487,0
93.535,0
93.583,0
93.614,0
93.646,0
93.678,0
93.71,0
93.758,0
93.806,0
93.854,0
93.901,0
93.933,0
93.981,0
94.029,0
94.077,0
94.125,0
94.173,0
94.205,0
94.236,0
94.283,0
94.315,0
94.362,0
94.378,0
94.409,0
94.457,0
94.505,0
94.537,0
94.585,0
94.615,0
94.678,0
94.742,0
94.79,0
94.838,0
94.885,0
94.949,0
94.996,0
95.044,0
95.092,0
95.155,0
95.219,0
95.25,0
95.298,0
95.362,0
95.426,0
95.49,0
95.537,0
95.585,0
95.649,0
95.697,0
95.744,0
95.792,0
95.824,0
95.872,0
95.903,0
95.951,0
95.967,0
95.999,0
96.047,0
96.095,0
96.127,0
96.159,0
96.19,0
96.222,0
96.253,0
96.301,0
96.348,0
96.38,0
96.412,0
96.444,0
96.492,0
96.524,0
96.556,0
96.603,0
96.634,0
96.665,0
96.697,0
96.729,0
96.761,0
96.793,0
96.808,0
96.856,0
96.872,0
96.888,0
96.936,0
96.984,0
97.03,0
97.078,0
97.126,0
97.174,0
97.222,0
97.254,0
97.302,0
97.35,0
97.381,0
97.429,0
97.477,0
97.525,0
97.573,0
97.637,0
97.701,0
97.764,0
97.828,0
97.892,0
97.956,0
97.987,0
98.051,0
98.115,0
98.179,0
98.243,0
98.275,0
98.338,0
98.402,0
98.45,0
98.498,0
98.562,0
98.626,0
98.689,0
98.753,0
98.801,0
98.849,0
98.912,0
98.96,0
99.008,0
99.071,0
99.119,0
99.183,0
99.247,0
99.294,0
99.358,0
99.406,0
99.453,0
99.516,0
99.564,0
99.595,0
99.643,0
99.69,0
99.722,0
99.769,0
99.817,0
99.863,0
99.911,0
99.957,0
100.005,0
100.053,0
100.084,0
100.116,0
100.164,0
100.212,0
100.26,0
100.292,0
100.34,0
100.386,0
100.434,0
100.497,0
100.545,0
100.609,0
100.673,0
100.72,0
100.784,0
100.832,0
100.879,0
100.943,0
100.991,0
101.055,0
101.103,0
101.151,0
101.213,0
101.261,0
101.325,0
101.373,0
101.436,0
101.484,0
101.531,0
101.579,0
101.61,0
101.658,0
101.674,0
101.722,0
101.754,0
101.802,0
101.85,0
101.898,0
101.946,0
101.977,0
102.025,0
102.057,0
102.073,0
102.121,0
102.153,0
102.185,0
102.233,0
102.265,0
102.297,0
102.329,0
102.375,0
102.407,0
102.439,0
102.487,0
102.535,0
102.583,0
102.63,0
102.678,0
102.725,0
102.757,0
102.789,0
102.837,0
102.869,0
102.916,0
102.964,0
103.012,0
103.06,0
103.076,0
103.107,0
103.139,0
103.187,0
103.203,0
103.235,0
103.266,0
103.329,0
103.392,0
103.44,0
103.487,0
103.551,0
103.599,0
103.661,0
103.725,0
103.773,0
103.821,0
103.884,0
103.932,0
103.98,0
104.044,0
104.108,0
104.172,0
104.22,0
104.267,0
104.315,0
104.363,0
104.41,0
104.474,0
104.538,0
104.586,0
104.649,0
104.713,0
104.761,0
104.808,0
104.856,0
104.888,0
104.92,0
104.952,0
104.982,0
105.014,0
105.046,0
105.094,0
105.11,0
105.158,0
105.206,0
105.254,0
105.302,0
105.349,0
105.381,0
105.429,0
105.461,0
105.493,0
105.54,0
105.588,0
105.604,0
105.652,0
105.7,0
105.73,0
105.777,0
105.825,0
105.857,0
105.905,0
105.952,0
105.998,0
106.061,0
106.108,0
106.172,0
106.219,0
106.267,0
106.331,0
106.395,0
106.456,0
106.52,0
106.583,0
106.631,0
106.663,0
106.695,0
106.711,0
106.759,0
106.791,0
106.822,0
106.854,0
106.87,0
106.918,0
106.95,0
106.998,0
107.03,0
107.078,0
107.126,0
107.174,0
107.221,0
107.269,0
107.301,0
107.348,0
107.379,0
107.427,0
107.474,0
107.521,0
107.569,0
107.616,0
107.648,0
107.68,0
107.712,0
107.744,0
107.792,0
107.824,0
107.872,0
107.904,0
107.936,0
107.982,0
108.014,0
108.046,0
108.078,0
108.126,0
108.174,0
108.222,0
108.27,0
108.318,0
108.349,0
108.397,0
108.429,0
108.461,0
108.493,0
108.525,0
108.573,0
108.621,0
108.669,0
108.732,0
108.796,0
108.844,0
108.908,0
108.972,0
109.035,0
109.098,0
109.146,0
109.21,0
109.274,0
109.322,0
109.385,0
109.433,0
109.48,0
109.528,0
109.592,0
109.656,0
109.72,0
109.784,0
109.846,0
109.894,0
109.958,0
110.006,0
110.07,0
110.118,0
110.182,0
110.229,0
110.293,0
110.357,0
110.421,0
110.469,0
110.533,0
110.596,0
110.66,0
110.692,0
110.74,0
110.772,0
110.82,0
110.868,0
110.916,0
110.962,0
111.01,0
111.042,0
111.074,0
111.106,0
111.122,0
111.154,0
111.17,0
111.186,0
111.202,0
111.218,0
111.25,0
111.266,0
111.313,0
111.344,0
111.376,0
111.424,0
111.472,0
111.504,0
111.552,0
111.6,0
111.648,0
111.664,0
111.712,0
111.759,0
111.791,0
111.838,0
111.87,0
111.917,0
111.949,0
111.997,0
112.029,0
112.061,0
112.108,0
112.155,0
112.187,0
112.218,0
112.25,0
112.282,0
112.314,0
112.378,0
112.41,0
112.458,0
112.505,0
112.553,0
112.601,0
112.665,0
112.729,0
112.777,0
112.825,0
112.873,0
112.92,0
112.968,0
113.032,0
113.08,0
113.144,0
113.208,0
113.271,0
113.334,0
113.382,0
113.446,0
113.51,0
113.574,0
113.638,0
113.686,0
113.749,0
113.813,0
113.877,0
113.941,0
114.004,0
114.052,0
114.115,0
114.162,0
114.225,0
114.272,0
114.32,0
114.368,0
114.416,0
114.462,0
114.494,0
114.542,0
114.574,0
114.622,0
114.654,0
114.702,0
114.734,0
114.782,0
114.829,0
114.877,0
114.909,0
114.957,0
114.989,0
115.037,0
115.069,0
115.1,0
115.147,0
115.193,0
115.241,0
115.288,0
115.32,0
115.368,0
115.416,0
115.479,0
115.526,0
115.588,0
115.652,0
115.716,0
115.779,0
115.843,0
115.891,0
115.954,0
116.001,0
116.049,0
116.113,0
116.177,0
116.241,0
116.289,0
116.352,0
116.416,0
116.463,0
116.495,0
116.542,0
116.558,0
116.606,0
116.638,0
116.67,0
116.716,0
116.748,0
116.795,0
116.825,0
116.857,0
116.905,0
116.952,0
116.999,0
117.031,0
117.062,0
117.11,0
117.142,0
117.19,0
117.238,0
117.286,0
117.349,0
117.413,0
117.46,0
117.508,0
117.572,0
117.619,0
117.666,0
117.73,0
117.794,0
117.84,0
117.887,0
117.935,0
117.983,0
118.031,0
118.079,0
118.143,0
118.206,0
118.254,0
118.286,0
118.317,0
118.349,0
118.396,0
118.444,0
118.476,0
118.524,0
118.555,0
118.601,0
118.649,0
118.681,0
118.713,0
118.745,0
118.793,0
118.84,0
118.872,0
118.92,0
118.951,0
118.983,0
119.03,0
119.062,0
119.11,0
119.126,0
119.158,0
119.206,0
119.254,0
119.302,0
119.333,0
119.381,0
119.413,0
119.445,0
119.493,0
119.525,0
119.557,0
119.589,0
119.637,0
119.684,0
119.732,0
119.78,0
119.812,0
119.86,0
119.876,0
119.924,0
119.972,0
120.036,0
