tijd,meetwaarde
0.032,0
0.08,0
0.128,0
0.176,0
0.221,0
0.268,0
0.3,0
0.348,0
0.395,0
0.457,0
0.521,0
0.585,0
0.648,0
0.712,0
0.776,0
0.838,0
0.901,0
0.965,0
1.011,0
1.059,0
1.107,0
1.155,0
1.203,0
1.25,0
1.282,0
1.329,0
1.376,0
1.408,0
1.456,0
1.487,0
1.535,0
1.567,0
1.615,0
1.647,0
1.679,0
1.727,0
1.774,0
1.822,0
1.869,0
1.916,0
1.963,0
1.995,0
2.027,0
2.059,0
2.091,0
2.138,0
2.184,0
2.231,0
2.294,0
2.34,0
2.386,0
2.418,0
2.465,0
2.512,0
2.56,0
2.592,0
2.64,0
2.672,0
2.719,0
2.766,0
2.797,0
2.845,0
2.876,0
2.907,0
2.938,0
2.969,0
3.001,0
3.049,0
3.097,0
3.161,0
3.209,0
3.27,0
3.317,0
3.365,0
3.429,0
3.493,0
3.541,0
3.587,0
3.634,0
3.698,0
3.762,0
3.809,0
3.854,0
3.885,0
3.915,0
3.961,0
4.008,0
4.07,0
4.134,0
4.197,0
4.26,0
4.324,0
4.387,0
4.435,0
4.482,0
4.546,0
4.609,0
4.657,0
4.704,0
4.75,0
4.797,0
4.845,0
4.893,0
4.941,0
4.988,0
5.034,0
5.082,0
5.128,0
5.175,0
5.237,0
5.285,0
5.332,0
5.38,0
5.444,0
5.491,0
5.522,0
5.584,0
5.647,0
5.679,0
5.727,0
5.773,0
5.82,0
5.85,0
5.897,0
5.943,0
5.99,0
6.053,0
6.117,0
6.165,0
6.228,0
6.276,0
6.34,0
6.404,0
6.466,0
6.528,0
6.576,0
6.637,0
6.668,0
6.715,0
6.763,0
6.811,0
6.827,0
6.858,0
6.906,0
6.953,0
6.984,0
7.016,0
7.047,0
7.079,0
7.127,0
7.159,0
7.207,0
7.239,0
7.287,0
7.319,0
7.349,0
7.413,0
7.476,0
7.524,0
7.572,0
7.636,0
7.682,0
7.727,0
7.791,0
7.853,0
7.884,0
7.931,0
7.947,0
7.995,0
8.027,0
8.059,0
8.09,0
8.138,0
8.17,0
8.201,0
8.248,0
8.279,0
8.311,0
8.342,0
8.358,0
8.39,0
8.421,0
8.466,0
8.529,0
8.577,0
8.641,0
8.689,0
8.736,0
8.783,0
8.829,0
8.892,0
8.938,0
8.986,0
9.017,0
9.064,0
9.112,0
9.16,0
9.208,0
9.239,0
9.287,0
9.334,0
9.382,0
9.414,0
9.462,0
9.509,0
9.541,0
9.588,0
9.634,0
9.696,0
9.759,0
9.822,0
9.885,0
9.949,0
9.98,0
10.028,0
10.059,0
10.107,0
10.155,0
10.187,0
10.235,0
10.283,0
10.33,0
10.361,0
10.408,0
10.456,0
10.502,0
10.534,0
10.581,0
10.613,0
10.661,0
10.706,0
10.769,0
10.833,0
10.881,0
10.928,0
10.992,0
11.054,0
11.116,0
11.163,0
11.211,0
11.242,0
11.29,0
11.337,0
11.368,0
11.414,0
11.445,0
11.476,0
11.507,0
11.554,0
11.601,0
11.649,0
11.695,0
11.742,0
11.805,0
11.851,0
11.915,0
11.978,0
12.025,0
12.073,0
12.121,0
12.153,0
12.185,0
12.216,0
12.264,0
12.312,0
12.344,0
12.376,0
12.408,0
12.455,0
12.487,0
12.534,0
12.564,0
12.596,0
12.643,0
12.675,0
12.707,0
12.723,0
12.754,0
12.801,0
12.865,0
12.928,0
12.991,0
13.054,0
13.102,0
13.149,0
13.213,0
13.275,0
13.323,0
13.386,0
13.434,0
13.498,0
13.546,0
13.609,0
13.641,0
13.673,0
13.719,0
13.75,0
13.797,0
13.829,0
13.876,0
13.908,0
13.939,0
13.987,0
14.034,0
14.065,0
14.097,0
14.145,0
14.193,0
14.225,0
14.272,0
14.32,0
14.368,0
14.431,0
14.492,0
14.54,0
14.602,0
14.665,0
14.728,0
14.76,0
14.79,0
14.836,0
14.868,0
14.9,0
14.948,0
14.979,0
15.011,0
15.059,0
15.107,0
15.139,0
15.186,0
15.218,0
15.25,0
15.281,0
15.328,0
15.36,0
15.422,0
15.47,0
15.517,0
15.578,0
15.641,0
15.688,0
15.749,0
15.796,0
15.826,0
15.874,0
15.922,0
15.953,0
15.985,0
16.033,0
16.08,0
16.127,0
16.175,0
16.223,0
16.271,0
16.318,0
16.35,0
16.413,0
16.477,0
16.525,0
16.573,0
16.637,0
16.683,0
16.731,0
16.794,0
16.857,0
16.919,0
16.966,0
17.014,0
17.046,0
17.077,0
17.108,0
17.156,0
17.188,0
17.22,0
17.252,0
17.284,0
17.316,0
17.347,0
17.378,0
17.41,0
17.457,0
17.505,0
17.536,0
17.584,0
17.616,0
17.663,0
17.694,0
17.757,0
17.803,0
17.864,0
17.926,0
17.988,0
18.02,0
18.036,0
18.084,0
18.115,0
18.163,0
18.194,0
18.242,0
18.274,0
18.306,0
18.338,0
18.385,0
18.433,0
18.464,0
18.512,0
18.544,0
18.59,0
18.638,0
18.686,0
18.733,0
18.765,0
18.797,0
18.829,0
18.876,0
18.939,0
18.987,0
19.05,0
19.096,0
19.16,0
19.208,0
19.272,0
19.335,0
19.399,0
19.463,0
19.527,0
19.574,0
19.637,0
19.683,0
19.731,0
19.763,0
19.81,0
19.841,0
19.888,0
19.92,0
19.952,0
19.999,0
20.047,0
20.094,0
20.126,0
20.174,0
20.222,0
20.269,0
20.301,0
20.349,0
20.381,0
20.429,0
20.476,0
20.524,0
20.571,0
20.619,0
20.68,0
20.744,0
20.792,0
20.855,0
20.901,0
20.948,0
21.012,0
21.059,0
21.123,0
21.155,0
21.185,0
21.233,0
21.265,0
21.313,0
21.36,0
21.392,0
21.424,0
21.472,0
21.52,0
21.551,0
21.582,0
21.614,0
21.646,0
21.694,0
21.742,0
21.79,0
21.838,0
21.869,0
21.9,0
21.945,0
22.008,0
22.071,0
22.133,0
22.197,0
22.26,0
22.322,0
22.354,0
22.385,0
22.432,0
22.464,0
22.512,0
22.544,0
22.591,0
22.639,0
22.67,0
22.718,0
22.766,0
22.814,0
22.861,0
22.909,0
22.941,0
22.972,0
23.003,0
23.035,0
23.082,0
23.128,0
23.176,0
23.223,0
23.287,0
23.335,0
23.398,0
23.445,0
23.509,0
23.573,0
23.636,0
23.684,0
23.747,0
23.81,0
23.858,0
23.922,0
23.986,0
24.05,0
24.112,0
24.159,0
24.206,0
24.238,0
24.285,0
24.333,0
24.381,0
24.429,0
24.477,0
24.524,0
24.555,0
24.603,0
24.635,0
24.667,0
24.714,0
24.762,0
24.794,0
24.825,0
24.873,0
24.92,0
24.952,0
25.0,0
25.047,0
25.111,0
25.175,0
25.238,0
25.301,0
25.349,0
25.397,0
25.445,0
25.507,0
25.57,0
25.633,0
25.694,0
25.726,0
25.774,0
25.822,0
25.869,0
25.917,0
25.948,0
25.979,0
26.026,0
26.072,0
26.104,0
26.136,0
26.184,0
26.216,0
26.248,0
26.28,0
26.328,0
26.36,0
26.408,0
26.455,0
26.487,0
26.518,0
26.566,0
26.614,0
26.676,0
26.739,0
26.786,0
26.834,0
26.88,0
26.928,0
26.992,0
27.039,0
27.087,0
27.119,0
27.165,0
27.213,0
27.26,0
27.308,0
27.356,0
27.404,0
27.452,0
27.484,0
27.532,0
27.563,0
27.611,0
27.643,0
27.689,0
27.721,0
27.769,0
27.817,0
27.849,0
27.881,0
27.911,0
27.958,0
27.989,0
28.035,0
28.098,0
28.162,0
28.209,0
28.271,0
28.334,0
28.382,0
28.43,0
28.478,0
28.541,0
28.573,0
28.621,0
28.668,0
28.716,0
28.764,0
28.796,0
28.844,0
28.89,0
28.937,0
28.968,0
29.015,0
29.046,0
29.078,0
29.11,0
29.142,0
29.19,0
29.222,0
29.253,0
29.285,0
29.333,0
29.381,0
29.428,0
29.476,0
29.524,0
29.556,0
29.604,0
29.652,0
29.7,0
29.748,0
29.795,0
29.843,0
29.905,0
29.969,0
30.033,0
30.097,0
30.16,0
30.223,0
30.271,0
30.335,0
30.399,0
30.463,0
30.526,0
30.572,0
30.636,0
30.7,0
30.764,0
30.811,0
30.858,0
30.89,0
30.92,0
30.951,0
30.998,0
31.045,0
31.076,0
31.108,0
31.14,0
31.188,0
31.235,0
31.297,0
31.361,0
31.408,0
31.472,0
31.52,0
31.552,0
31.616,0
31.663,0
31.727,0
31.775,0
31.823,0
31.887,0
31.951,0
31.998,0
32.044,0
32.09,0
32.121,0
32.168,0
32.216,0
32.248,0
32.28,0
32.312,0
32.36,0
32.407,0
32.455,0
32.487,0
32.535,0
32.583,0
32.615,0
32.647,0
32.694,0
32.742,0
32.788,0
32.836,0
32.867,0
32.915,0
32.963,0
32.995,0
33.026,0
33.073,0
33.134,0
33.18,0
33.243,0
33.29,0
33.354,0
33.418,0
33.45,0
33.498,0
33.545,0
33.577,0
33.625,0
33.673,0
33.721,0
33.768,0
33.8,0
33.848,0
33.896,0
33.927,0
33.975,0
34.022,0
34.054,0
34.101,0
34.148,0
34.196,0
34.227,0
34.275,0
34.323,0
34.371,0
34.419,0
34.466,0
34.513,0
34.561,0
34.608,0
34.64,0
34.704,0
34.768,0
34.831,0
34.878,0
34.942,0
35.005,0
35.069,0
35.132,0
35.195,0
35.258,0
35.321,0
35.384,0
35.431,0
35.477,0
35.507,0
35.554,0
35.585,0
35.617,0
35.663,0
35.711,0
35.743,0
35.791,0
35.839,0
35.887,0
35.951,0
35.998,0
36.061,0
36.125,0
36.189,0
36.253,0
36.317,0
36.365,0
36.412,0
36.475,0
36.523,0
36.585,0
36.649,0
36.712,0
36.744,0
36.807,0
36.855,0
36.903,0
36.967,0
37.03,0
37.078,0
37.11,0
37.157,0
37.204,0
37.252,0
37.284,0
37.316,0
37.348,0
37.38,0
37.411,0
37.441,0
37.472,0
37.504,0
37.552,0
37.584,0
37.616,0
37.662,0
37.694,0
37.756,0
37.819,0
37.88,0
37.944,0
37.992,0
38.04,0
38.104,0
38.152,0
38.199,0
38.262,0
38.326,0
38.374,0
38.437,0
38.485,0
38.531,0
38.562,0
38.609,0
38.641,0
38.673,0
38.72,0
38.752,0
38.799,0
38.847,0
38.895,0
38.927,0
38.974,0
39.006,0
39.054,0
39.102,0
39.149,0
39.197,0
39.229,0
39.261,0
39.293,0
39.34,0
39.388,0
39.42,0
39.468,0
39.515,0
39.579,0
39.643,0
39.707,0
39.769,0
39.832,0
39.895,0
39.943,0
40.007,0
40.055,0
40.117,0
40.181,0
40.229,0
40.292,0
40.34,0
40.372,0
40.404,0
40.436,0
40.483,0
40.531,0
40.578,0
40.609,0
40.657,0
40.705,0
40.736,0
40.784,0
40.815,0
40.831,0
40.878,0
40.926,0
40.973,0
41.021,0
41.053,0
41.101,0
41.149,0
41.181,0
41.212,0
41.26,0
41.292,0
41.324,0
41.372,0
41.42,0
41.467,0
41.499,0
41.531,0
41.563,0
41.61,0
41.642,0
41.674,0
41.737,0
41.785,0
41.833,0
41.88,0
41.944,0
42.007,0
42.071,0
42.134,0
42.181,0
42.245,0
42.293,0
42.356,0
42.42,0
42.467,0
42.515,0
42.563,0
42.611,0
42.658,0
42.69,0
42.721,0
42.753,0
42.785,0
42.833,0
42.88,0
42.912,0
42.959,0
43.007,0
43.039,0
43.071,0
43.118,0
43.15,0
43.198,0
43.246,0
43.294,0
43.325,0
43.341,0
43.372,0
43.404,0
43.451,0
43.467,0
43.499,0
43.531,0
43.578,0
43.626,0
43.674,0
43.722,0
43.754,0
43.802,0
43.849,0
43.897,0
43.929,0
43.961,0
44.009,0
44.057,0
44.105,0
44.137,0
44.169,0
44.201,0
44.232,0
44.295,0
44.359,0
44.407,0
44.438,0
44.486,0
44.55,0
44.612,0
44.675,0
44.723,0
44.787,0
44.851,0
44.913,0
44.96,0
44.99,0
45.022,0
45.07,0
45.118,0
45.149,0
45.197,0
45.244,0
45.276,0
45.324,0
45.371,0
45.419,0
45.466,0
45.514,0
45.561,0
45.609,0
45.656,0
45.704,0
45.752,0
45.799,0
45.862,0
45.91,0
45.974,0
46.038,0
46.102,0
46.15,0
46.214,0
46.261,0
46.324,0
46.388,0
46.436,0
46.5,0
46.548,0
46.595,0
46.643,0
46.691,0
46.754,0
46.802,3929
46.866,12363
46.93,17801
46.993,19667
47.041,19706
47.089,19135
47.137,18324
47.201,17423
47.249,16258
47.311,14708
47.358,8682
47.388,5660
47.436,4294
47.468,2759
47.5,2025
47.516,1519
47.548,1297
47.58,958
47.628,719
47.676,448
47.723,262
47.754,146
47.802,79
47.834,0
47.882,0
47.898,0
47.93,0
47.978,0
48.009,0
48.056,0
48.104,0
48.151,0
48.183,0
48.214,0
48.261,0
48.324,0
48.372,0
48.435,0
48.498,0
48.561,0
48.625,0
48.689,0
48.737,0
48.801,0
48.864,0
48.927,0
48.99,0
49.037,0
49.085,0
49.133,0
49.181,0
49.213,0
49.259,0
49.307,0
49.355,0
49.386,0
49.434,0
49.466,0
49.514,0
49.546,0
49.594,0
49.624,0
49.672,0
49.72,0
49.752,0
49.799,0
49.847,0
49.894,0
49.941,0
49.989,0
50.035,0
50.099,0
50.163,0
50.227,0
50.291,0
50.355,0
50.403,0
50.45,0
50.497,0
50.545,0
50.609,0
50.673,0
50.721,0
50.783,0
50.845,0
50.909,0
50.957,0
51.005,0
51.069,0
51.117,0
51.18,0
51.244,0
51.292,0
51.34,0
51.404,0
51.451,0
51.483,0
51.53,0
51.577,0
51.625,0
51.672,0
51.72,0
51.752,0
51.8,0
51.832,0
51.88,0
51.912,0
51.96,0
52.008,0
52.039,0
52.087,0
52.134,0
52.166,0
52.213,0
52.261,0
52.292,0
52.323,0
52.355,0
52.387,0
52.419,0
52.451,0
52.467,0
52.498,0
52.546,0
52.578,0
52.626,0
52.674,0
52.722,0
52.785,0
52.848,0
52.896,0
52.944,0
52.976,0
53.024,0
53.085,0
53.148,0
53.196,0
53.244,0
53.307,0
53.354,0
53.401,0
53.433,0
53.465,0
53.497,0
53.529,0
53.577,0
53.625,0
53.672,0
53.72,0
53.752,0
53.783,0
53.815,0
53.862,0
53.909,0
53.941,0
53.989,0
54.037,0
54.084,0
54.132,0
54.179,0
54.227,0
54.275,0
54.307,0
54.355,0
54.403,0
54.435,0
54.467,0
54.514,0
54.545,0
54.577,0
54.608,0
54.64,0
54.702,0
54.766,0
54.829,0
54.893,0
54.956,0
55.004,0
55.068,0
55.115,0
55.179,0
55.242,0
55.306,0
55.37,0
55.434,0
55.497,0
55.56,0
55.608,0
55.655,0
55.718,0
55.766,0
55.813,0
55.86,0
55.892,0
55.94,0
55.987,0
56.034,0
56.066,0
56.113,0
56.161,0
56.208,0
56.256,0
56.304,0
56.336,0
56.384,0
56.431,0
56.479,0
56.527,0
56.59,0
56.653,0
56.701,0
56.749,0
56.813,0
56.877,0
56.925,0
56.988,0
57.051,0
57.099,0
57.163,0
57.227,0
57.291,0
57.355,0
57.418,0
57.466,0
57.53,0
57.562,0
57.624,0
57.672,0
57.72,0
57.784,0
57.831,0
57.895,0
57.959,0
58.023,0
58.086,0
58.134,0
58.182,0
58.229,0
58.277,0
58.309,0
58.341,0
58.389,0
58.421,0
58.453,0
58.501,0
58.549,0
58.595,0
58.643,0
58.69,0
58.722,0
58.77,0
58.802,0
58.85,0
58.898,0
58.945,0
58.977,0
59.025,0
59.057,0
59.103,0
59.151,0
59.199,0
59.247,0
59.295,0
59.342,0
59.389,0
59.421,0
59.469,0
59.501,0
59.549,0
59.597,0
59.629,0
59.677,0
59.724,0
59.771,0
59.834,0
59.898,0
59.946,0
60.01,0
60.074,0
60.121,0
60.185,0
60.249,0
60.296,0
60.36,0
60.424,0
60.47,0
60.534,0
60.598,0
60.662,0
60.725,0
60.789,0
60.836,0
60.882,0
60.931,0
60.978,0
61.024,0
61.072,0
61.12,0
61.168,0
61.214,0
61.261,0
61.309,0
61.357,0
61.404,0
61.452,0
61.499,0
61.562,0
61.61,0
61.674,0
61.738,0
61.785,0
61.849,0
61.913,0
61.975,0
62.039,0
62.103,0
62.151,0
62.199,0
62.263,0
62.325,0
62.389,0
62.436,0
62.5,0
62.564,0
62.612,0
62.676,0
62.739,0
62.803,0
62.867,0
62.898,0
62.946,0
62.994,0
63.042,0
63.089,0
63.121,0
63.153,0
63.201,0
63.249,0
63.297,0
63.329,0
63.377,0
63.409,0
63.44,0
63.472,0
63.519,0
63.551,0
63.599,0
63.647,0
63.695,0
63.727,0
63.775,0
63.823,0
63.855,0
63.901,0
63.949,0
63.981,0
64.013,0
64.06,0
64.107,0
64.139,0
64.187,0
64.219,0
64.267,0
64.315,0
64.347,0
64.395,0
64.426,0
64.458,0
64.506,0
64.554,0
64.602,0
64.649,0
64.697,0
64.745,0
64.793,0
64.84,0
64.903,0
64.966,0
65.029,0
65.092,0
65.155,0
65.203,0
65.266,0
65.314,0
65.376,0
65.423,0
65.468,0
65.513,0
65.544,0
65.59,0
65.65,0
65.695,0
65.724,0
65.769,0
65.799,0
65.859,0
65.92,0
65.965,0
65.995,0
66.042,0
66.074,0
66.121,0
66.169,0
66.217,0
66.265,0
66.313,0
66.345,0
66.392,0
66.424,0
66.47,0
66.533,0
66.581,0
66.629,0
66.677,0
66.741,0
66.788,0
66.85,0
66.914,0
66.978,0
67.025,0
67.089,0
67.153,0
67.201,0
67.248,0
67.312,0
67.376,0
67.439,0
67.471,0
67.519,0
67.567,0
67.598,0
67.63,0
67.646,0
67.678,0
67.71,0
67.758,0
67.79,0
67.837,0
67.869,0
67.917,0
67.964,0
68.011,0
68.043,0
68.106,0
68.138,0
68.17,0
68.202,0
68.25,0
68.282,0
68.314,0
68.362,0
68.393,0
68.441,0
68.489,0
68.521,0
68.553,0
68.584,0
68.616,0
68.664,0
68.696,0
68.728,0
68.775,0
68.822,0
68.87,0
68.902,0
68.95,0
68.998,0
69.046,0
69.093,0
69.156,0
69.188,0
69.252,0
69.316,0
69.364,0
69.427,0
69.475,0
69.539,0
69.603,0
69.667,0
69.714,0
69.762,0
69.826,0
69.874,0
69.936,0
70.0,0
70.063,0
70.109,0
70.173,0
70.221,0
70.269,0
70.333,0
70.365,0
70.413,0
70.46,0
70.508,0
70.556,0
70.604,0
70.635,0
70.667,0
70.715,0
70.763,0
70.811,0
70.858,0
70.906,0
70.954,0
71.001,0
71.048,0
71.079,0
71.109,0
71.157,0
71.189,0
71.237,0
71.284,0
71.332,0
71.364,0
71.411,0
71.459,0
71.507,0
71.57,0
71.616,0
71.68,0
71.728,0
71.792,0
71.852,0
71.9,0
71.948,0
72.011,0
72.058,0
72.09,0
72.137,0
72.185,0
72.217,0
72.249,0
72.296,0
72.343,0
72.374,0
72.406,0
72.438,0
72.486,0
72.518,0
72.566,0
72.597,0
72.645,0
72.691,0
72.738,0
72.786,0
72.834,0
72.866,0
72.93,0
72.993,0
73.057,0
73.105,0
73.167,0
73.23,0
73.276,0
73.339,0
73.387,0
73.435,0
73.482,0
73.514,0
73.546,0
73.593,0
73.641,0
73.689,0
73.736,0
73.784,0
73.816,0
73.848,0
73.896,0
73.943,0
73.989,0
74.037,0
74.085,0
74.117,0
74.133,0
74.164,0
74.212,0
74.228,0
74.275,0
74.306,0
74.354,0
74.386,0
74.418,0
74.465,0
74.513,0
74.56,0
74.623,0
74.67,0
74.716,0
74.78,0
74.844,0
74.908,0
74.972,0
75.02,0
75.083,0
75.147,0
75.194,0
75.241,0
75.303,0
75.333,0
75.364,0
75.395,0
75.442,0
75.49,0
75.538,0
75.57,0
75.601,0
75.649,0
75.697,0
75.744,0
75.807,0
75.853,0
75.917,0
75.981,0
76.029,0
76.077,0
76.124,0
76.171,0
76.219,0
76.282,0
76.346,0
76.409,0
76.472,0
76.504,0
76.536,0
76.583,0
76.631,0
76.678,0
76.726,0
76.758,0
76.806,0
76.838,0
76.886,0
76.917,0
76.949,0
76.997,0
77.029,0
77.077,0
77.125,0
77.157,0
77.205,0
77.253,0
77.299,0
77.331,0
77.379,0
77.427,0
77.458,0
77.505,0
77.536,0
77.568,0
77.616,0
77.663,0
77.71,0
77.742,0
77.774,0
77.806,0
77.838,0
77.87,0
77.933,0
77.98,0
78.028,0
78.076,0
78.139,0
78.203,0
78.251,0
78.315,0
78.379,0
78.443,0
78.475,0
78.521,0
78.569,0
78.633,0
78.696,0
78.76,0
78.824,0
78.871,0
78.917,0
78.981,0
79.029,0
79.06,0
79.091,0
79.139,0
79.187,0
79.234,0
79.266,0
79.314,0
79.346,0
79.394,0
79.441,0
79.489,0
79.537,0
79.583,0
79.615,0
79.662,0
79.693,0
79.741,0
79.788,0
79.836,0
79.9,0
79.947,0
80.01,0
80.057,0
80.105,0
80.169,0
80.216,0
80.279,0
80.327,0
80.39,0
80.437,0
80.499,0
80.547,0
80.594,0
80.641,0
80.673,0
80.72,0
80.768,0
80.8,0
80.832,0
80.864,0
80.896,0
80.944,0
80.99,0
81.022,0
81.07,0
81.101,0
81.149,0
81.197,0
81.245,0
81.293,0
81.34,0
81.388,0
81.42,0
81.451,0
81.483,0
81.514,0
81.562,0
81.61,0
81.673,0
81.721,0
81.769,0
81.832,0
81.879,0
81.942,0
82.005,0
82.068,0
82.132,0
82.164,0
82.211,0
82.259,0
82.291,0
82.339,0
82.371,0
82.419,0
82.45,0
82.481,0
82.513,0
82.545,0
82.576,0
82.608,0
82.64,0
82.672,0
82.704,0
82.736,0
82.784,0
82.816,0
82.864,0
82.911,0
82.958,0
83.006,0
83.038,0
83.07,0
83.116,0
83.164,0
83.212,0
83.26,0
83.308,0
83.323,0
83.371,0
83.403,0
83.435,0
83.467,0
83.498,0
83.546,0
83.594,0
83.657,0
83.704,0
83.768,0
83.831,0
83.894,0
83.957,0
84.02,0
84.068,0
84.131,0
84.179,0
84.227,0
84.29,0
84.338,0
84.37,0
84.402,0
84.45,0
84.481,0
84.528,0
84.576,0
84.624,0
84.672,0
84.72,0
84.752,0
84.799,0
84.846,0
84.878,0
84.925,0
84.973,0
85.005,0
85.053,0
85.101,0
85.149,0
85.196,0
85.244,0
85.29,0
85.322,0
85.354,0
85.386,0
85.434,0
85.465,0
85.497,0
85.544,0
85.59,0
85.654,0
85.718,0
85.782,0
85.83,0
85.894,0
85.942,0
86.005,0
86.068,0
86.116,0
86.18,0
86.228,0
86.276,0
86.339,0
86.387,0
86.451,0
86.514,0
86.577,0
86.641,0
86.704,0
86.752,0
86.816,0
86.864,0
86.895,0
86.943,0
86.975,0
87.007,0
87.055,0
87.102,0
87.118,0
87.165,0
87.213,0
87.245,0
87.277,0
87.309,0
87.357,0
87.389,0
87.436,0
87.483,0
87.531,0
87.578,0
87.626,0
87.674,0
87.722,0
87.77,0
87.818,0
87.865,0
87.913,0
87.944,0
87.992,0
88.04,0
88.088,0
88.136,0
88.152,0
88.184,0
88.231,0
88.263,0
88.311,0
88.359,0
88.391,0
88.423,0
88.471,0
88.503,0
88.551,0
88.581,0
88.645,0
88.693,0
88.741,0
88.789,0
88.853,0
88.916,0
88.963,0
89.025,0
89.089,0
89.136,0
89.199,0
89.263,0
89.326,0
89.374,0
89.436,0
89.468,0
89.5,0
89.532,0
89.58,0
89.628,0
89.66,0
89.707,0
89.755,0
89.801,0
89.849,0
89.88,0
89.911,0
89.959,0
90.006,0
90.038,0
90.086,0
90.132,0
90.164,0
90.212,0
90.244,0
90.292,0
90.356,0
90.42,0
90.468,0
90.53,0
90.578,0
90.642,0
90.706,0
90.769,0
90.832,0
90.895,0
90.958,0
91.006,0
91.07,0
91.134,0
91.198,0
91.246,0
91.308,0
91.34,0
91.372,0
91.42,0
91.452,0
91.499,0
91.547,0
91.594,0
91.626,0
91.657,0
91.689,0
91.721,0
91.768,0
91.798,0
91.83,0
91.862,0
91.909,0
91.941,0
91.973,0
92.019,0
92.051,0
92.099,0
92.147,0
92.195,0
92.227,0
92.259,0
92.291,0
92.323,0
92.385,0
92.449,0
92.513,0
92.576,0
92.64,0
92.687,0
92.751,0
92.814,0
92.878,0
92.942,0
92.974,0
93.022,0
93.069,0
93.117,0
93.164,0
93.212,0
93.259,0
93.323,0
93.371,0
93.403,0
93.435,0
93.498,0
93.546,0
93.592,0
93.624,0
93.672,0
93.72,0
93.767,0
93.799,0
93.847,0
93.879,0
93.926,0
93.974,0
94.021,0
94.069,0
94.117,0
94.149,0
94.165,0
94.197,0
94.245,0
94.292,0
94.324,0
94.356,0
94.404,0
94.452,0
94.484,0
94.532,0
94.564,0
94.58,0
94.626,0
94.657,0
94.705,0
94.753,0
94.8,0
94.846,0
94.909,0
94.957,0
95.02,0
95.084,0
95.148,0
95.196,0
95.244,0
95.308,0
95.356,0
95.419,0
95.467,0
95.53,0
95.578,0
95.64,0
95.688,0
95.736,0
95.767,0
95.815,0
95.862,0
95.909,0
95.941,0
95.973,0
96.005,0
96.053,0
96.085,0
96.132,0
96.164,0
96.212,0
96.244,0
96.292,0
96.34,0
96.372,0
96.404,0
96.436,0
96.468,0
96.515,0
96.547,0
96.579,0
96.611,0
96.643,0
96.69,0
96.738,0
96.77,0
96.818,0
96.85,0
96.897,0
96.944,0
96.976,0
97.024,0
97.072,0
97.104,0
97.12,0
97.168,0
97.2,0
97.232,0
97.263,0
97.279,0
97.311,0
97.342,0
97.39,0
97.438,0
97.502,0
97.55,0
97.598,0
97.645,0
97.707,0
97.771,0
97.819,0
97.867,0
97.931,0
97.978,0
98.025,0
98.071,0
98.119,0
98.167,0
98.231,0
98.263,0
98.295,0
98.327,0
98.359,0
98.39,0
98.437,0
98.469,0
98.501,0
98.548,0
98.58,0
98.628,0
98.659,0
98.691,0
98.738,0
98.785,0
98.833,0
98.865,0
98.913,0
98.961,0
99.009,0
99.057,0
99.073,0
99.105,0
99.136,0
99.168,0
99.216,0
99.264,0
99.296,0
99.344,0
99.392,0
99.424,0
99.472,0
99.504,0
99.55,0
99.598,0
99.646,0
99.694,0
99.741,0
99.789,0
99.821,0
99.869,0
99.932,0
99.996,0
100.059,0
100.123,0
100.187,0
100.251,0
100.315,0
100.379,0
100.442,0
100.506,0
100.57,0
100.633,0
100.696,0
100.76,0
100.806,0
100.853,0
100.901,0
100.965,0
101.013,0
101.044,0
101.076,0
101.124,0
101.155,0
101.203,0
101.235,0
101.267,0
101.299,0
101.331,0
101.378,0
101.409,0
101.457,0
101.505,0
101.552,0
101.6,0
101.647,0
101.678,0
101.694,0
101.741,0
101.773,0
101.821,0
101.853,0
101.9,0
101.932,0
101.98,0
102.028,0
102.075,0
102.123,0
102.171,0
102.235,0
102.282,0
102.33,0
102.378,0
102.41,0
102.458,0
102.506,0
102.569,0
102.617,0
102.648,0
102.71,0
102.758,0
102.82,0
102.868,0
102.932,0
102.996,0
103.059,0
103.122,0
103.154,0
103.186,0
103.218,0
103.25,0
103.282,0
103.314,0
103.346,0
103.378,0
103.409,0
103.441,0
103.489,0
103.537,0
103.585,0
103.632,0
103.664,0
103.695,0
103.742,0
103.773,0
103.821,0
103.869,0
103.916,0
103.964,0
104.012,0
104.06,0
104.108,0
104.154,0
104.202,0
104.25,0
104.298,0
104.33,0
104.378,0
104.409,0
104.457,0
104.52,0
104.584,0
104.648,0
104.711,0
104.774,0
104.837,0
104.9,0
104.964,0
105.011,0
105.075,0
105.139,0
105.186,0
105.248,0
105.295,0
105.343,0
105.375,0
105.423,0
105.47,0
105.518,0
105.55,0
105.598,0
105.644,0
105.691,0
105.723,0
105.771,0
105.819,0
105.85,0
105.882,0
105.93,0
105.978,0
106.025,0
106.057,0
106.089,0
106.121,0
106.169,0
106.217,0
106.265,0
106.297,0
106.345,0
106.392,0
106.424,0
106.456,0
106.488,0
106.551,0
106.599,0
106.647,0
106.711,0
106.774,0
106.838,0
106.886,0
106.95,0
107.014,0
107.078,0
107.141,0
107.205,0
107.253,0
107.301,0
107.365,0
107.429,0
107.477,0
107.523,0
107.586,0
107.649,0
107.712,0
107.759,0
107.79,0
107.838,0
107.87,0
107.917,0
107.965,0
107.997,0
108.029,0
108.061,0
108.109,0
108.157,0
108.189,0
108.237,0
108.284,0
108.316,0
108.348,0
108.396,0
108.444,0
108.492,0
108.539,0
108.571,0
108.602,0
108.633,0
108.665,0
108.713,0
108.761,0
108.808,0
108.856,0
108.904,0
108.936,0
108.968,0
109.0,0
109.046,0
109.094,0
109.142,0
109.174,0
109.221,0
109.285,0
109.348,0
109.411,0
109.459,0
109.523,0
109.587,0
109.65,0
109.698,0
109.744,0
109.807,0
109.869,0
109.917,0
109.965,0
110.013,0
110.061,0
110.093,0
110.125,0
110.172,0
110.22,0
110.252,0
110.3,0
110.348,0
110.396,0
110.426,0
110.474,0
110.521,0
110.553,0
110.601,0
110.649,0
110.697,0
110.729,0
110.776,0
110.824,0
110.854,0
110.9,0
110.932,0
110.98,0
111.028,0
111.06,0
111.108,0
111.14,0
111.188,0
111.251,0
111.299,0
111.363,0
111.411,0
111.459,0
111.523,0
111.587,0
111.65,0
111.713,0
111.761,0
111.825,0
111.873,0
111.92,0
111.984,0
112.03,0
112.078,0
112.142,0
112.206,0
112.254,0
112.302,0
112.366,0
112.413,0
112.461,0
112.509,0
112.557,0
112.605,0
112.653,0
112.701,0
112.764,0
112.812,0
112.876,0
112.939,0
112.986,0
113.018,0
113.066,0
113.097,0
113.143,0
113.159,0
113.207,0
113.239,0
113.271,0
113.319,0
113.349,0
113.397,0
113.429,0
113.477,0
113.508,0
113.556,0
113.604,0
113.652,0
113.7,0
113.748,0
113.78,0
113.828,0
113.874,0
113.89,0
113.922,0
113.985,0
114.049,0
114.112,0
114.176,0
114.24,0
114.303,0
114.351,0
114.414,0
114.46,0
114.524,0
114.572,0
114.619,0
114.667,0
114.731,0
114.795,0
114.843,0
114.905,0
114.936,0
114.984,0
115.031,0
115.078,0
115.126,0
115.174,0
115.222,0
115.27,0
115.318,0
115.366,0
115.413,0
115.461,0
115.509,0
115.555,0
115.603,0
115.651,0
115.683,0
115.731,0
115.778,0
115.826,0
115.874,0
115.922,0
115.97,0
116.002,0
116.05,0
116.098,0
116.145,0
116.177,0
116.209,0
116.241,0
116.288,0
116.32,0
116.352,0
116.399,0
116.447,0
116.51,0
116.574,0
116.622,0
116.67,0
116.733,0
116.781,0
116.845,0
116.908,0
116.954,0
117.002,0
117.066,0
117.13,0
117.177,0
117.225,0
117.272,0
117.32,0
117.368,0
117.432,0
117.496,0
117.56,0
117.592,0
117.639,0
117.687,0
117.719,0
117.751,0
117.799,0
117.847,0
117.895,0
117.926,0
117.974,0
118.021,0
118.053,0
118.101,0
118.149,0
118.181,0
118.213,0
118.245,0
118.293,0
118.325,0
118.356,0
118.404,0
118.436,0
118.483,0
118.515,0
118.563,0
118.595,0
118.643,0
118.691,0
118.739,0
118.77,0
118.786,0
118.833,0
118.881,0
118.929,0
118.977,0
119.025,0
119.057,0
119.089,0
119.121,0
119.168,0
119.215,0
119.247,0
119.279,0
119.295,0
119.327,0
119.359,0
119.391,0
119.439,0
119.486,0
119.548,0
119.612,0
119.676,0
119.722,0
119.785,0
119.849,0
119.897,0
119.96,0
120.024,0
tijd,meetwaarde
0.013,0
0.03,0
0.047,0
0.061,0
0.075,0
0.093,0
0.11,0
0.126,0
0.138,0
0.158,0
0.176,0
0.186,0
0.204,0
0.219,0
0.239,0
0.253,0
0.273,0
0.287,0
0.301,0
0.32,0
0.335,0
0.347,0
0.364,0
0.381,0
0.396,0
0.413,0
0.429,0
0.44,0
0.462,0
0.477,0
0.493,0
0.504,0
0.542,0
0.589,0
0.635,0
0.667,0
0.698,0
0.729,0
0.761,0
0.808,0
0.84,0
0.886,0
0.95,0
0.998,0
1.045,0
1.093,0
1.14,0
1.188,0
1.236,0
1.3,0
1.363,0
1.409,0
1.456,0
1.517,0
1.549,0
1.565,0
1.612,0
1.659,0
1.691,0
1.723,0
1.755,0
1.802,0
1.833,0
1.881,0
1.913,0
1.961,0
2.008,0
2.056,0
2.104,0
2.151,0
2.199,0
2.231,0
2.263,0
2.31,0
2.372,0
2.436,0
2.483,0
2.545,0
2.592,0
2.64,0
2.704,0
2.752,0
2.816,0
2.879,0
2.943,0
2.975,0
3.023,0
3.071,0
3.135,0
3.199,0
3.23,0
3.261,0
3.293,0
3.325,0
3.357,0
3.389,0
3.437,0
3.469,0
3.501,0
3.548,0
3.596,0
3.643,0
3.691,0
3.723,0
3.771,0
3.819,0
3.851,0
3.899,0
3.931,0
3.963,0
4.01,0
4.058,0
4.106,0
4.138,0
4.186,0
4.218,0
4.266,0
4.298,0
4.346,0
4.393,0
4.441,0
4.488,0
4.536,0
4.584,0
4.632,0
4.68,0
4.727,0
4.774,0
4.822,0
4.87,0
4.917,0
4.964,0
5.012,0
5.06,0
5.108,0
5.154,0
5.202,0
5.266,0
5.314,0
5.378,0
5.442,0
5.505,0
5.552,0
5.615,0
5.679,0
5.743,0
5.807,0
5.871,0
5.934,0
5.998,0
6.045,0
6.092,0
6.124,0
6.172,0
6.22,0
6.251,0
6.299,0
6.347,0
6.393,0
6.441,0
6.489,0
6.537,0
6.569,0
6.601,0
6.632,0
6.68,0
6.711,0
6.759,0
6.807,0
6.839,0
6.887,0
6.935,0
6.983,0
7.03,0
7.077,0
7.125,0
7.157,0
7.189,0
7.221,0
7.252,0
7.299,0
7.362,0
7.407,0
7.471,0
7.535,0
7.583,0
7.631,0
7.694,0
7.757,0
7.805,0
7.853,0
7.916,0
7.964,0
8.012,0
8.06,0
8.124,0
8.171,0
8.219,0
8.283,0
8.33,0
8.361,0
8.392,0
8.424,0
8.472,0
8.519,0
8.551,0
8.599,0
8.646,0
8.678,0
8.726,0
8.773,0
8.821,0
8.869,0
8.9,0
8.948,0
8.98,0
9.012,0
9.059,0
9.107,0
9.155,0
9.187,0
9.234,0
9.28,0
9.343,0
9.407,0
9.47,0
9.518,0
9.581,0
9.628,0
9.69,0
9.738,0
9.786,0
9.834,0
9.897,0
9.944,0
9.992,0
10.04,0
10.088,0
10.118,0
10.166,0
10.214,0
10.246,0
10.294,0
10.326,0
10.374,0
10.422,0
10.47,0
10.518,0
10.564,0
10.612,0
10.644,0
10.692,0
10.724,0
10.772,0
10.82,0
10.868,0
10.914,0
10.962,0
10.994,0
11.042,0
11.073,0
11.105,0
11.137,0
11.169,0
11.217,0
11.249,0
11.281,0
11.329,0
11.377,0
11.409,0
11.441,0
11.487,0
11.535,0
11.583,0
11.631,0
11.695,0
11.743,0
11.791,0
11.839,0
11.902,0
11.966,0
12.014,0
12.078,0
12.126,0
12.174,0
12.237,0
12.3,0
12.364,0
12.427,0
12.475,0
12.523,0
12.587,0
12.634,0
12.682,0
12.746,0
12.81,0
12.842,0
12.874,0
12.922,0
12.97,0
13.002,0
13.065,0
13.113,0
13.177,0
13.241,0
13.289,0
13.336,0
13.383,0
13.43,0
13.478,0
13.51,0
13.558,0
13.59,0
13.638,0
13.67,0
13.718,0
13.749,0
13.796,0
13.812,0
13.86,0
13.892,0
13.923,0
13.955,0
14.003,0
14.051,0
14.083,0
14.131,0
14.162,0
14.194,0
14.242,0
14.29,0
14.322,0
14.352,0
14.4,0
14.448,0
14.48,0
14.511,0
14.559,0
14.607,0
14.655,0
14.687,0
14.719,0
14.751,0
14.799,0
14.831,0
14.878,0
14.926,0
14.958,0
15.006,0
15.054,0
15.102,0
15.134,0
15.182,0
15.214,0
15.261,0
15.309,0
15.356,0
15.42,0
15.484,0
15.531,0
15.579,0
15.627,0
15.674,0
15.722,0
15.785,0
15.833,0
15.881,0
15.929,0
15.976,0
16.038,0
16.1,0
16.148,0
16.164,0
16.196,0
16.244,0
16.292,0
16.324,0
16.356,0
16.401,0
16.449,0
16.497,0
16.545,0
16.576,0
16.607,0
16.639,0
16.685,0
16.717,0
16.764,0
16.812,0
16.858,0
16.921,0
16.969,0
17.017,0
17.065,0
17.112,0
17.175,0
17.222,0
17.27,0
17.318,0
17.366,0
17.414,0
17.478,0
17.541,0
17.605,0
17.653,0
17.701,0
17.749,0
17.797,0
17.844,0
17.906,0
17.953,0
18.001,0
18.033,0
18.065,0
18.097,0
18.128,0
18.176,0
18.208,0
18.24,0
18.271,0
18.318,0
18.35,0
18.382,0
18.397,0
18.429,0
18.445,0
18.493,0
18.541,0
18.589,0
18.635,0
18.683,0
18.715,0
18.762,0
18.794,0
18.826,0
18.874,0
18.937,0
18.985,0
19.032,0
19.08,0
19.144,0
19.207,0
19.271,0
19.319,0
19.382,0
19.43,0
19.492,0
19.554,0
19.601,0
19.649,0
19.697,0
19.743,0
19.791,0
19.838,0
19.869,0
19.9,0
19.948,0
19.98,0
20.012,0
20.06,0
20.108,0
20.139,0
20.187,0
20.235,0
20.282,0
20.314,0
20.346,0
20.393,0
20.44,0
20.488,0
20.535,0
20.599,0
20.663,0
20.726,0
20.774,0
20.822,0
20.885,0
20.933,0
20.996,0
21.044,0
21.092,0
21.156,0
21.22,0
21.284,0
21.347,0
21.395,0
21.443,0
21.506,0
21.57,0
21.617,0
21.681,0
21.729,0
21.791,0
21.823,0
21.855,0
21.903,0
21.951,0
21.983,0
22.031,0
22.079,0
22.126,0
22.158,0
22.205,0
22.237,0
22.284,0
22.332,0
22.38,0
22.411,0
22.459,0
22.491,0
22.539,0
22.586,0
22.634,0
22.666,0
22.698,0
22.745,0
22.776,0
22.824,0
22.872,0
22.903,0
22.95,0
22.998,0
23.062,0
23.126,0
23.174,0
23.238,0
23.286,0
23.333,0
23.396,0
23.459,0
23.522,0
23.586,0
23.65,0
23.713,0
23.776,0
23.824,0
23.872,0
23.92,0
23.968,0
24.016,0
24.062,0
24.125,0
24.157,0
24.205,0
24.252,0
24.3,0
24.348,0
24.38,0
24.411,0
24.458,0
24.506,0
24.554,0
24.602,0
24.649,0
24.697,0
24.744,0
24.792,0
24.839,0
24.871,0
24.919,0
24.967,0
25.014,0
25.062,0
25.11,0
25.158,0
25.189,0
25.221,0
25.269,0
25.317,0
25.364,0
25.428,0
25.49,0
25.537,0
25.6,0
25.664,0
25.727,0
25.791,0
25.855,0
25.918,0
25.982,0
26.029,0
26.077,0
26.125,0
26.173,0
26.205,0
26.237,0
26.285,0
26.332,0
26.38,0
26.427,0
26.459,0
26.507,0
26.552,0
26.584,0
26.632,0
26.664,0
26.711,0
26.743,0
26.775,0
26.807,0
26.839,0
26.887,0
26.934,0
26.966,0
26.998,0
27.045,0
27.076,0
27.124,0
27.172,0
27.219,0
27.267,0
27.315,0
27.362,0
27.409,0
27.472,0
27.504,0
27.552,0
27.615,0
27.678,0
27.725,0
27.773,0
27.836,0
27.899,0
27.946,0
27.994,0
28.026,0
28.058,0
28.105,0
28.137,0
28.169,0
28.2,0
28.248,0
28.28,0
28.312,0
28.344,0
28.376,0
28.424,0
28.456,0
28.488,0
28.535,0
28.583,0
28.63,0
28.662,0
28.709,0
28.757,0
28.789,0
28.837,0
28.869,0
28.915,0
28.961,0
29.024,0
29.088,0
29.136,0
29.184,0
29.248,0
29.296,0
29.343,0
29.39,0
29.453,0
29.516,0
29.579,0
29.643,0
29.706,0
29.77,0
29.834,0
29.898,0
29.93,0
29.962,0
30.01,0
30.073,0
30.105,0
30.137,0
30.184,0
30.215,0
30.247,0
30.295,0
30.343,0
30.391,0
30.422,0
30.47,0
30.518,0
30.565,0
30.613,0
30.645,0
30.693,0
30.741,0
30.773,0
30.82,0
30.852,0
30.899,0
30.947,0
30.979,0
31.027,0
31.074,0
31.122,0
31.168,0
31.215,0
31.262,0
31.326,0
31.39,0
31.454,0
31.517,0
31.579,0
31.643,0
31.691,0
31.755,0
31.818,0
31.866,0
31.913,0
31.961,0
32.025,0
32.073,0
32.136,0
32.2,0
32.264,0
32.296,0
32.328,0
32.376,0
32.424,0
32.472,0
32.519,0
32.567,0
32.615,0
32.663,0
32.71,0
32.742,0
32.79,0
32.838,0
32.87,0
32.917,0
32.949,0
32.98,0
33.012,0
33.06,0
33.106,0
33.122,0
33.154,0
33.186,0
33.234,0
33.282,0
33.314,0
33.362,0
33.394,0
33.426,0
33.457,0
33.505,0
33.537,0
33.568,0
33.616,0
33.648,0
33.696,0
33.728,0
33.776,0
33.807,0
33.839,0
33.886,0
33.947,0
33.995,0
34.059,0
34.123,0
34.171,0
34.219,0
34.266,0
34.33,0
34.394,0
34.458,0
34.506,0
34.569,0
34.632,0
34.696,0
34.76,0
34.823,0
34.887,0
34.951,0
35.014,0
35.062,0
35.126,0
35.19,0
35.238,0
35.285,0
35.317,0
35.349,0
35.395,0
35.427,0
35.474,0
35.521,0
35.567,0
35.599,0
35.647,0
35.679,0
35.727,0
35.758,0
35.806,0
35.838,0
35.87,0
35.901,0
35.949,0
35.997,0
36.044,0
36.108,0
36.171,0
36.218,0
36.266,0
36.313,0
36.377,0
36.441,0
36.503,0
36.551,0
36.615,0
36.662,0
36.71,0
36.774,0
36.838,0
36.901,0
36.949,0
37.013,0
37.077,0
37.124,0
37.155,0
37.203,0
37.25,0
37.298,0
37.346,0
37.377,0
37.425,0
37.473,0
37.52,0
37.566,0
37.613,0
37.645,0
37.677,0
37.709,0
37.741,0
37.789,0
37.821,0
37.853,0
37.901,0
37.933,0
37.981,0
38.028,0
38.074,0
38.137,0
38.201,0
38.249,0
38.313,0
38.375,0
38.439,0
38.487,0
38.534,0
38.597,0
38.661,0
38.725,0
38.772,0
38.82,0
38.884,0
38.947,0
38.995,0
39.043,0
39.089,0
39.12,0
39.168,0
39.215,0
39.263,0
39.311,0
39.358,0
39.39,0
39.438,0
39.486,0
39.517,0
39.565,0
39.613,0
39.66,0
39.691,0
39.738,0
39.786,0
39.849,0
39.912,0
39.96,0
40.023,0
40.071,0
40.119,0
40.183,0
40.231,0
40.278,0
40.342,0
40.389,0
40.437,0
40.501,0
40.549,0
40.581,0
40.643,0
40.69,0
40.737,0
40.785,0
40.816,0
40.864,0
40.912,0
40.96,0
40.991,0
41.038,0
41.086,0
41.102,0
41.15,0
41.198,0
41.245,0
41.293,0
41.34,0
41.371,0
41.419,0
41.467,0
41.499,0
41.531,0
41.579,0
41.611,0
41.643,0
41.674,0
41.722,0
41.753,0
41.785,0
41.817,0
41.849,0
41.881,0
41.929,0
41.976,0
41.992,0
42.04,0
42.088,0
42.135,0
42.199,0
42.263,0
42.311,0
42.374,0
42.438,0
42.485,0
42.532,0
42.58,0
42.644,0
42.708,0
42.755,0
42.802,0
42.866,0
42.913,0
42.976,0
43.024,0
43.072,0
43.135,0
43.183,0
43.23,0
43.278,0
43.309,0
43.34,0
43.388,0
43.42,0
43.452,0
43.484,0
43.532,0
43.58,0
43.612,0
43.644,0
43.692,0
43.739,0
43.787,0
43.835,0
43.867,0
43.899,0
43.931,0
43.979,0
44.025,0
44.057,0
44.104,0
44.136,0
44.184,0
44.232,0
44.28,0
44.328,0
44.376,0
44.392,0
44.44,0
44.487,0
44.534,0
44.581,0
44.643,0
44.707,0
44.755,0
44.819,0
44.881,0
44.945,0
44.992,0
45.055,0
45.102,0
45.134,0
45.166,0
45.229,0
45.261,0
45.292,0
45.34,0
45.388,0
45.42,0
45.452,0
45.5,0
45.532,0
45.58,0
45.611,0
45.643,0
45.674,0
45.706,0
45.737,0
45.785,0
45.832,0
45.864,0
45.911,0
45.943,0
45.991,0
46.022,0
46.054,0
46.101,0
46.133,0
46.181,0
46.213,0
46.245,0
46.277,0
46.325,0
46.373,0
46.42,0
46.451,0
46.515,0
46.563,0
46.626,0
46.673,0
46.737,0
46.8,0
46.864,0
46.927,0
46.991,0
47.023,0
47.071,0
47.119,0
47.182,0
47.246,0
47.294,0
47.342,0
47.406,0
47.454,0
47.517,0
47.581,0
47.628,0
47.676,0
47.723,0
47.77,0
47.818,0
47.866,0
47.897,0
47.929,0
47.993,0
48.025,0
48.056,0
48.104,0
48.152,0
48.2,0
48.232,0
48.279,0
48.327,0
48.359,0
48.407,0
48.455,0
48.503,0
48.535,0
48.583,0
48.629,0
48.677,0
48.725,0
48.773,0
48.821,0
48.869,0
48.916,0
48.964,0
48.996,0
49.043,0
49.075,0
49.107,0
49.155,0
49.171,0
49.203,0
49.251,0
49.299,0
49.315,0
49.363,0
49.41,0
49.458,0
49.506,0
49.569,0
49.632,0
49.696,0
49.743,0
49.807,0
49.871,0
49.919,0
49.981,0
50.029,0
50.093,0
50.139,0
50.203,0
50.251,0
50.299,0
50.347,0
50.411,0
50.475,0
50.538,0
50.602,0
50.665,0
50.713,0
50.76,0
50.808,0
50.856,0
50.903,0
50.951,0
50.983,0
51.031,0
51.062,0
51.094,0
51.142,0
51.19,0
51.222,0
51.269,0
51.316,0
51.348,0
51.396,0
51.444,0
51.492,0
51.54,0
51.556,0
51.588,0
51.635,0
51.667,0
51.699,0
51.731,0
51.778,0
51.81,0
51.842,0
51.874,0
51.906,0
51.938,0
51.97,0
52.018,0
52.066,0
52.098,0
52.144,0
52.191,0
52.255,0
52.319,0
52.366,0
52.43,0
52.478,0
52.525,0
52.587,0
52.65,0
52.698,0
52.762,0
52.81,0
52.858,0
52.922,0
52.985,0
53.049,0
53.113,0
53.177,0
53.241,0
53.304,0
53.351,0
53.382,0
53.43,0
53.478,0
53.526,0
53.558,0
53.589,0
53.637,0
53.653,0
53.701,0
53.748,0
53.796,0
53.828,0
53.876,0
53.923,0
53.955,0
53.987,0
54.019,0
54.051,0
54.083,0
54.115,0
54.161,0
54.193,0
54.24,0
54.288,0
54.319,0
54.366,0
54.43,0
54.494,0
54.557,0
54.62,0
54.668,0
54.731,0
54.795,0
54.859,0
54.906,0
54.97,0
55.033,0
55.08,0
55.128,0
55.192,0
55.255,0
55.302,0
55.365,0
55.413,0
55.445,0
55.477,0
55.525,0
55.573,0
55.62,0
55.651,0
55.699,0
55.731,0
55.779,0
55.811,0
55.859,0
55.907,0
55.955,0
55.986,0
56.033,0
56.081,0
56.113,0
56.145,0
56.177,0
56.225,0
56.273,0
56.305,0
56.352,0
56.399,0
56.431,0
56.479,0
56.527,0
56.575,0
56.623,0
56.67,0
56.718,0
56.766,0
56.812,0
56.86,0
56.908,0
56.956,0
57.019,0
57.083,0
57.131,0
57.177,0
57.241,0
57.305,0
57.369,0
57.433,0
57.497,0
57.543,0
57.591,0
57.655,0
57.703,0
57.766,0
57.83,0
57.894,0
57.941,0
58.005,0
58.069,0
58.132,0
58.18,0
58.228,0
58.275,0
58.307,0
58.338,0
58.386,0
58.434,0
58.466,0
58.514,0
58.546,0
58.593,0
58.624,0
58.67,0
58.701,0
58.733,0
58.78,0
58.812,0
58.844,0
58.891,0
58.953,0
59.016,0
59.08,0
59.144,0
59.208,0
59.272,0
59.336,0
59.383,0
59.446,0
59.51,0
59.558,0
59.605,0
59.653,0
59.717,0
59.779,0
59.827,0
59.891,0
59.954,0
60.001,0
60.049,0
60.096,0
60.128,0
60.159,0
60.207,0
60.239,0
60.286,0
60.333,0
60.381,0
60.413,0
60.444,0
60.491,0
60.522,0
60.57,0
60.618,0
60.65,0
60.682,0
60.73,0
60.777,0
60.825,0
60.873,0
60.918,0
60.98,0
61.044,0
61.108,0
61.172,0
61.22,0
61.267,0
61.315,0
61.363,0
61.411,0
61.475,0
61.539,0
61.603,0
61.666,0
61.714,0
61.777,0
61.825,0
61.873,0
61.904,0
61.952,0
62.0,0
62.047,0
62.095,0
62.143,0
62.191,0
62.239,0
62.27,0
62.302,0
62.35,0
62.398,0
62.43,0
62.478,0
62.526,0
62.557,0
62.589,0
62.62,0
62.667,0
62.699,0
62.731,0
62.762,0
62.81,0
62.84,0
62.888,0
62.919,0
62.983,0
63.03,0
63.078,0
63.126,0
63.19,0
63.238,0
63.27,0
63.334,0
63.381,0
63.429,0
63.477,0
63.541,0
63.589,0
63.653,0
63.717,0
63.764,0
63.828,0
63.892,0
63.94,0
63.988,0
64.052,0
64.115,0
64.179,0
64.243,0
64.291,0
64.339,0
64.387,0
64.435,0
64.498,0
64.562,0
64.625,0
64.673,0
64.737,0
64.785,0
64.833,0
64.879,0
64.926,0
64.974,0
65.021,0
65.053,0
65.085,0
65.117,0
65.165,0
65.197,0
65.229,0
65.275,0
65.323,0
65.371,0
65.403,0
65.451,0
65.499,0
65.547,0
65.595,0
65.642,0
65.689,0
65.737,0
65.785,0
65.833,0
65.88,0
65.911,0
65.943,0
65.991,0
66.039,0
66.086,0
66.118,0
66.166,0
66.198,0
66.246,0
66.294,0
66.326,0
66.358,0
66.406,0
66.453,0
66.485,0
66.533,0
66.565,0
66.612,0
66.66,0
66.708,0
66.772,0
66.819,0
66.883,0
66.946,0
66.994,0
67.058,0
67.122,0
67.185,0
67.233,0
67.281,0
67.344,0
67.391,0
67.439,0
67.503,0
67.566,0
67.614,0
67.677,0
67.725,0
67.773,0
67.821,0
67.884,0
67.915,0
67.962,0
68.009,0
68.041,0
68.089,0
68.137,0
68.169,0
68.217,0
68.249,0
68.295,0
68.327,0
68.375,0
68.406,0
68.437,0
68.484,0
68.532,0
68.547,0
68.595,0
68.657,0
68.721,0
68.769,0
68.832,0
68.895,0
68.958,0
69.006,0
69.068,0
69.131,0
69.194,0
69.242,0
69.29,0
69.322,0
69.37,0
69.416,0
69.464,0
69.496,0
69.543,0
69.575,0
69.607,0
69.655,0
69.687,0
69.735,0
69.766,0
69.83,0
69.846,0
69.878,0
69.926,0
69.958,0
70.006,0
70.054,0
70.101,0
70.132,0
70.177,0
70.24,0
70.303,0
70.367,0
70.431,0
70.495,0
70.542,0
70.606,0
70.67,0
70.717,0
70.781,0
70.844,0
70.906,0
70.954,0
71.018,0
71.08,0
71.128,0
71.176,0
71.224,0
71.256,0
71.287,0
71.335,0
71.382,0
71.414,0
71.462,0
71.509,0
71.541,0
71.589,0
71.636,0
71.666,0
71.714,0
71.746,0
71.794,0
71.826,0
71.858,0
71.89,0
71.937,0
71.984,0
72.047,0
72.11,0
72.174,0
72.238,0
72.285,0
72.332,0
72.38,0
72.443,0
72.507,0
72.571,0
72.635,0
72.683,0
72.73,0
72.778,0
72.841,0
72.905,0
72.952,0
73.015,0
73.063,0
73.095,0
73.143,0
73.175,0
73.222,0
73.254,0
73.301,0
73.349,0
73.38,0
73.412,0
73.46,0
73.508,0
73.554,0
73.585,0
73.617,0
73.665,0
73.713,0
73.745,0
73.776,0
73.808,0
73.84,0
73.888,0
73.934,0
73.982,0
73.998,0
74.046,0
74.078,0
74.11,0
74.158,0
74.206,0
74.269,0
74.317,0
74.364,0
74.428,0
74.491,0
74.539,0
74.587,0
74.635,0
74.699,0
74.746,0
74.794,0
74.858,0
74.906,0
74.97,0
75.018,0
75.066,0
75.128,0
75.175,0
75.223,0
75.271,0
75.335,0
75.398,0
75.446,0
75.478,0
75.525,0
75.557,0
75.605,0
75.637,0
75.685,0
75.701,0
75.748,0
75.78,0
75.828,0
75.875,0
75.907,0
75.939,0
75.971,0
75.987,0
76.035,0
76.067,0
76.115,0
76.147,0
76.194,0
76.226,0
76.257,0
76.289,0
76.321,0
76.369,0
76.417,0
76.449,0
76.481,0
76.529,0
76.576,0
76.623,0
76.67,0
76.717,0
76.764,0
76.812,0
76.844,0
76.892,0
76.955,0
77.018,0
77.065,0
77.113,0
77.177,0
77.241,0
77.303,0
77.366,0
77.414,0
77.478,0
77.526,6704
77.573,13921
77.637,17599
77.701,19595
77.748,19715
77.812,19186
77.876,18113
77.908,16879
77.94,16309
77.988,15725
78.036,11890
78.084,7658
78.115,4919
78.147,3682
78.194,2715
78.226,1765
78.274,1325
78.306,841
78.338,623
78.37,448
78.418,316
78.45,177
78.497,102
78.545,20
78.593,0
78.625,0
78.673,0
78.721,0
78.753,0
78.801,0
78.849,0
78.88,0
78.928,0
78.976,0
79.024,0
79.072,0
79.088,0
79.12,0
79.152,0
79.199,0
79.246,0
79.294,0
79.342,0
79.39,0
79.438,0
79.486,0
79.534,0
79.582,0
79.629,0
79.677,0
79.709,0
79.757,0
79.806,0
79.853,0
79.9,0
79.948,0
79.995,0
80.043,0
80.091,0
80.139,0
80.171,0
80.219,0
80.267,0
80.315,0
80.347,0
80.378,0
80.426,0
80.474,0
80.522,0
80.57,0
80.618,0
80.65,0
80.682,0
80.729,0
80.777,0
80.809,0
80.857,0
80.905,0
80.937,0
80.984,0
81.032,0
81.08,0
81.143,0
81.191,0
81.239,0
81.302,0
81.35,0
81.414,0
81.446,0
81.493,0
81.556,0
81.604,0
81.652,0
81.684,0
81.732,0
81.78,0
81.828,0
81.875,0
81.923,0
81.971,0
82.019,0
82.083,0
82.131,0
82.179,0
82.226,0
82.29,0
82.338,0
82.386,0
82.434,0
82.481,0
82.544,0
82.576,0
82.623,0
82.655,0
82.686,0
82.718,0
82.766,0
82.814,0
82.846,0
82.878,0
82.91,0
82.958,0
83.005,0
83.053,0
83.085,0
83.101,0
83.133,0
83.181,0
83.229,0
83.277,0
83.324,0
83.356,0
83.388,0
83.419,0
83.467,0
83.515,0
83.562,0
83.594,0
83.626,0
83.658,0
83.69,0
83.722,0
83.753,0
83.785,0
83.833,0
83.865,0
83.897,0
83.945,0
83.961,0
84.009,0
84.057,0
84.089,0
84.12,0
84.152,0
84.2,0
84.248,0
84.296,0
84.328,0
84.36,0
84.392,0
84.44,0
84.472,0
84.519,0
84.567,0
84.615,0
84.647,0
84.679,0
84.727,0
84.758,0
84.79,0
84.838,0
84.885,0
84.932,0
84.996,0
85.06,0
85.124,0
85.172,0
85.236,0
85.282,0
85.33,0
85.378,0
85.441,0
85.489,0
85.553,0
85.616,0
85.679,0
85.743,0
85.791,0
85.839,0
85.887,0
85.951,0
86.014,0
86.061,0
86.109,0
86.141,0
86.173,0
86.221,0
86.269,0
86.301,0
86.333,0
86.381,0
86.412,0
86.458,0
86.505,0
86.553,0
86.585,0
86.633,0
86.681,0
86.729,0
86.76,0
86.807,0
86.855,0
86.903,0
86.935,0
86.951,0
86.999,0
87.047,0
87.095,0
87.143,0
87.158,0
87.19,0
87.222,0
87.254,0
87.286,0
87.318,0
87.35,0
87.382,0
87.43,0
87.462,0
87.478,0
87.51,0
87.557,0
87.605,0
87.652,0
87.684,0
87.732,0
87.764,0
87.812,0
87.828,0
87.86,0
87.907,0
87.939,0
87.97,0
88.002,0
88.05,0
88.098,0
88.146,0
88.21,0
88.242,0
88.274,0
88.337,0
88.401,0
88.449,0
88.497,0
88.561,0
88.625,0
88.672,0
88.736,0
88.784,0
88.848,0
88.912,0
88.976,0
89.038,0
89.102,0
89.15,0
89.198,0
89.262,0
89.326,0
89.374,0
89.421,0
89.469,0
89.533,0
89.581,0
89.629,0
89.677,0
89.741,0
89.804,0
89.868,0
89.916,0
89.979,0
90.026,0
90.074,0
90.122,0
90.168,0
90.215,0
90.247,0
90.295,0
90.343,0
90.39,0
90.438,0
90.486,0
90.533,0
90.565,0
90.613,0
90.661,0
90.709,0
90.741,0
90.789,0
90.837,0
90.882,0
90.929,0
90.96,0
91.024,0
91.087,0
91.151,0
91.199,0
91.247,0
91.294,0
91.358,0
91.422,0
91.486,0
91.534,0
91.582,0
91.645,0
91.709,0
91.773,0
91.805,0
91.869,0
91.932,0
91.98,0
92.027,0
92.075,0
92.122,0
92.186,0
92.25,0
92.314,0
92.378,0
92.425,0
92.489,0
92.553,0
92.616,0
92.663,0
92.694,0
92.742,0
92.789,0
92.837,0
92.884,0
92.932,0
92.964,0
92.996,0
93.044,0
93.076,0
93.108,0
93.155,0
93.186,0
93.234,0
93.265,0
93.297,0
93.345,0
93.393,0
93.441,0
93.489,0
93.536,0
93.568,0
93.616,0
93.664,0
93.712,0
93.759,0
93.807,0
93.855,0
93.902,0
93.934,0
93.982,0
94.014,0
94.061,0
94.125,0
94.173,0
94.237,0
94.284,0
94.348,0
94.412,0
94.476,0
94.54,0
94.586,0
94.634,0
94.697,0
94.745,0
94.793,0
94.841,0
94.905,0
94.968,0
95.015,0
95.078,0
95.142,0
95.203,0
95.251,0
95.299,0
95.347,0
95.395,0
95.442,0
95.49,0
95.522,0
95.57,0
95.602,0
95.649,0
95.696,0
95.728,0
95.776,0
95.822,0
95.854,0
95.886,0
95.918,0
95.95,0
95.982,0
96.029,0
96.077,0
96.109,0
96.141,0
96.173,0
96.204,0
96.236,0
96.268,0
96.284,0
96.331,0
96.379,0
96.427,0
96.475,0
96.539,0
96.587,0
96.618,0
96.682,0
96.729,0
96.777,0
96.841,0
96.904,0
96.967,0
97.015,0
97.079,0
97.127,0
97.175,0
97.221,0
97.285,0
97.347,0
97.379,0
97.427,0
97.475,0
97.491,0
97.539,0
97.587,0
97.619,0
97.667,0
97.715,0
97.746,0
97.778,0
97.81,0
97.857,0
97.905,0
97.937,0
97.969,0
98.017,0
98.049,0
98.081,0
98.112,0
98.159,0
98.207,0
98.255,0
98.287,0
98.335,0
98.383,0
98.415,0
98.462,0
98.51,0
98.558,0
98.606,0
98.653,0
98.701,0
98.733,0
98.781,0
98.813,0
98.844,0
98.891,0
98.923,0
98.955,0
98.987,0
99.035,0
99.083,0
99.13,0
99.194,0
99.256,0
99.303,0
99.367,0
99.431,0
99.495,0
99.558,0
99.621,0
99.669,0
99.733,0
99.797,0
99.861,0
99.909,0
99.972,0
100.035,0
100.099,0
100.162,0
100.226,0
100.29,0
100.338,0
100.369,0
100.401,0
100.449,0
100.497,0
100.529,0
100.577,0
100.625,0
100.657,0
100.705,0
100.752,0
100.8,0
100.847,0
100.895,0
100.926,0
100.974,0
101.006,0
101.054,0
101.085,0
101.132,0
101.179,0
101.211,0
101.259,0
101.291,0
101.323,0
101.355,0
101.403,0
101.435,0
101.466,0
101.497,0
101.529,0
101.577,0
101.625,0
101.673,0
101.689,0
101.72,0
101.768,0
101.832,0
101.878,0
101.926,0
101.974,0
102.038,0
102.102,0
102.15,0
102.213,0
102.277,0
102.341,0
102.389,0
102.453,0
102.517,0
102.581,0
102.628,0
102.675,0
102.723,0
102.787,0
102.851,0
102.899,0
102.946,0
102.994,0
103.042,0
103.09,0
103.138,0
103.186,0
103.234,0
103.282,0
103.329,0
103.392,0
103.456,0
103.504,0
103.568,0
103.616,0
103.68,0
103.743,0
103.775,0
103.839,0
103.871,0
103.918,0
103.95,0
103.998,0
104.046,0
104.093,0
104.141,0
104.173,0
104.205,0
104.253,0
104.301,0
104.333,0
104.381,0
104.429,0
104.475,0
104.523,0
104.571,0
104.619,0
104.666,0
104.714,0
104.762,0
104.81,0
104.841,0
104.873,0
104.889,0
104.937,0
104.969,0
105.017,0
105.049,0
105.081,0
105.113,0
105.161,0
105.208,0
105.256,0
105.288,0
105.336,0
105.384,0
105.431,0
105.463,0
105.495,0
105.527,0
105.559,0
105.589,0
105.637,0
105.685,0
105.733,0
105.781,0
105.829,0
105.861,0
105.925,0
105.972,0
106.02,0
106.083,0
106.115,0
106.163,0
106.195,0
106.243,0
106.291,0
106.338,0
106.386,0
106.449,0
106.513,0
106.577,0
106.641,0
106.704,0
106.768,0
106.816,0
106.88,0
106.944,0
107.006,0
107.069,0
107.101,0
107.149,0
107.213,0
107.277,0
107.341,0
107.405,0
107.451,0
107.483,0
107.531,0
107.563,0
107.611,0
107.627,0
107.674,0
107.722,0
107.754,0
107.802,0
107.849,0
107.897,0
107.929,0
107.976,0
108.023,0
108.055,0
108.103,0
108.135,0
108.167,0
108.183,0
108.214,0
108.262,0
108.294,0
108.342,0
108.389,0
108.437,0
108.469,0
108.501,0
108.532,0
108.579,0
108.627,0
108.675,0
108.723,0
108.755,0
108.787,0
108.834,0
108.882,0
108.945,0
109.009,0
109.073,0
109.136,0
109.184,0
109.248,0
109.31,0
109.374,0
109.438,0
109.5,0
109.563,0
109.626,0
109.658,0
109.705,0
109.753,0
109.785,0
109.833,0
109.864,0
109.896,0
109.944,0
109.992,0
110.04,0
110.071,0
110.119,0
110.167,0
110.215,0
110.247,0
110.295,0
110.342,0
110.374,0
110.405,0
110.436,0
110.467,0
110.499,0
110.531,0
110.579,0
110.627,0
110.675,0
110.707,0
110.754,0
110.786,0
110.833,0
110.881,0
110.928,0
110.992,0
111.056,0
111.104,0
111.152,0
111.197,0
111.261,0
111.309,0
111.373,0
111.421,0
111.485,0
111.548,0
111.595,0
111.659,0
111.723,0
111.787,0
111.834,0
111.898,0
111.944,0
111.976,0
112.024,0
112.056,0
112.088,0
112.12,0
112.151,0
112.198,0
112.214,0
112.246,0
112.278,0
112.31,0
112.341,0
112.372,0
112.42,0
112.452,0
112.499,0
112.531,0
112.579,0
112.627,0
112.659,0
112.706,0
112.738,0
112.754,0
112.786,0
112.834,0
112.882,0
112.93,0
112.977,0
113.009,0
113.057,0
113.104,0
113.135,0
113.167,0
113.215,0
113.263,0
113.327,0
113.39,0
113.453,0
113.516,0
113.58,0
113.644,0
113.708,0
113.772,0
113.834,0
113.898,0
113.961,0
114.009,0
114.073,0
114.136,0
114.198,0
114.229,0
114.261,0
114.309,0
114.356,0
114.404,0
114.451,0
114.499,0
114.53,0
114.577,0
114.625,0
114.673,0
114.705,0
114.753,0
114.801,0
114.849,0
114.897,0
114.943,0
114.975,0
115.007,0
115.055,0
115.103,0
115.135,0
115.167,0
115.214,0
115.262,0
115.293,0
115.325,0
115.357,0
115.405,0
115.453,0
115.517,0
115.565,0
115.628,0
115.691,0
115.738,0
115.785,0
115.849,0
115.913,0
115.977,0
116.025,0
116.088,0
116.136,0
116.184,0
116.246,0
116.278,0
116.326,0
116.358,0
116.404,0
116.451,0
116.483,0
116.515,0
116.547,0
116.579,0
116.627,0
116.675,0
116.722,0
116.754,0
116.785,0
116.832,0
116.88,0
116.912,0
116.944,0
116.992,0
117.04,0
117.087,0
117.135,0
117.182,0
117.212,0
117.244,0
117.276,0
117.324,0
117.372,0
117.42,0
117.452,0
117.5,0
117.532,0
117.579,0
117.627,0
117.691,0
117.755,0
117.803,0
117.867,0
117.915,0
117.978,0
118.026,0
118.074,0
118.138,0
118.202,0
118.25,0
118.313,0
118.377,0
118.441,0
118.505,0
118.569,0
118.633,0
118.68,0
118.743,0
118.791,0
118.838,0
118.886,0
118.95,0
118.998,0
119.061,0
119.124,0
119.187,0
119.219,0
119.251,0
119.282,0
119.314,0
119.362,0
119.409,0
119.441,0
119.472,0
119.52,0
119.568,0
119.6,0
119.648,0
119.696,0
119.744,0
119.776,0
119.823,0
119.855,0
119.902,0
119.934,0
119.95,0
119.982,0
120.03,0
tijd,meetwaarde
0.016,0
0.03,0
0.047,0
0.062,0
0.079,0
0.095,0
0.109,0
0.129,0
0.144,0
0.157,0
0.174,0
0.19,0
0.208,0
0.224,0
0.237,0
0.252,0
0.268,0
0.288,0
0.301,0
0.319,0
0.337,0
0.351,0
0.365,0
0.38,0
0.397,0
0.414,0
0.43,0
0.446,0
0.463,0
0.478,0
0.495,0
0.509,0
0.526,0
0.54,0
0.556,0
0.573,0
0.593,0
0.607,0
0.622,0
0.637,0
0.654,0
0.667,0
0.685,0
0.703,0
0.718,0
0.735,0
0.746,0
0.766,0
0.783,0
0.799,0
0.812,0
0.83,0
0.846,0
0.861,0
0.877,0
0.894,0
0.909,0
0.925,0
0.939,0
0.956,0
0.973,0
0.989,0
1.004,0
1.022,0
1.035,0
1.052,0
1.07,0
1.083,0
1.103,0
1.115,0
1.133,0
1.147,0
1.166,0
1.184,0
1.196,0
1.215,0
1.229,0
1.244,0
1.262,0
1.279,0
1.293,0
1.309,0
1.324,0
1.342,0
1.357,0
1.405,0
1.453,0
1.484,0
1.516,0
1.563,0
1.595,0
1.642,0
1.69,0
1.722,0
1.754,0
1.802,0
1.834,0
1.881,0
1.913,0
1.945,0
1.961,0
1.993,0
2.025,0
2.057,0
2.105,0
2.137,0
2.185,0
2.232,0
2.28,0
2.328,0
2.375,0
2.407,0
2.454,0
2.518,0
2.582,0
2.645,0
2.677,0
2.725,0
2.789,0
2.837,0
2.901,0
2.964,0
3.012,0
3.059,0
3.107,0
3.154,0
3.201,0
3.265,0
3.312,0
3.343,0
3.375,0
3.422,0
3.454,0
3.486,0
3.534,0
3.566,0
3.598,0
3.646,0
3.678,0
3.708,0
3.755,0
3.787,0
3.835,0
3.866,0
3.898,0
3.945,0
3.977,0
4.009,0
4.057,0
4.104,0
4.152,0
4.199,0
4.231,0
4.278,0
4.325,0
4.389,0
4.436,0
4.483,0
4.546,0
4.61,0
4.658,0
4.706,0
4.769,0
4.817,0
4.878,0
4.942,0
4.989,0
5.02,0
5.036,0
5.068,0
5.115,0
5.162,0
5.209,0
5.239,0
5.271,0
5.303,0
5.335,0
5.383,0
5.431,0
5.463,0
5.495,0
5.527,0
5.559,0
5.59,0
5.638,0
5.686,0
5.734,0
5.766,0
5.813,0
5.861,0
5.893,0
5.941,0
5.988,0
6.052,0
6.116,0
6.18,0
6.228,0
6.276,0
6.339,0
6.403,0
6.467,0
6.529,0
6.593,0
6.641,0
6.704,0
6.767,0
6.831,0
6.895,0
6.959,0
7.023,0
7.071,0
7.133,0
7.196,0
7.227,0
7.275,0
7.322,0
7.37,0
7.401,0
7.431,0
7.478,0
7.526,0
7.574,0
7.622,0
7.669,0
7.717,0
7.763,0
7.827,0
7.873,0
7.921,0
7.984,0
8.031,0
8.079,0
8.143,0
8.206,0
8.27,0
8.333,0
8.397,0
8.46,0
8.524,0
8.556,0
8.587,0
8.635,0
8.697,0
8.745,0
8.777,0
8.825,0
8.872,0
8.92,0
8.966,0
9.014,0
9.044,0
9.076,0
9.124,0
9.171,0
9.219,0
9.266,0
9.314,0
9.345,0
9.409,0
9.457,0
9.505,0
9.552,0
9.599,0
9.646,0
9.708,0
9.756,0
9.818,0
9.833,0
9.88,0
9.928,0
9.96,0
10.008,0
10.04,0
10.071,0
10.102,0
10.133,0
10.18,0
10.228,0
10.276,0
10.324,0
10.372,0
10.404,0
10.436,0
10.465,0
10.497,0
10.529,0
10.577,0
10.625,0
10.657,0
10.705,0
10.737,0
10.769,0
10.817,0
10.848,0
10.912,0
10.976,0
11.024,0
11.088,0
11.151,0
11.198,0
11.245,0
11.309,0
11.372,0
11.42,0
11.484,0
11.532,0
11.579,0
11.643,0
11.707,0
11.754,0
11.818,0
11.866,0
11.914,0
11.961,0
12.024,0
12.056,0
12.104,0
12.151,0
12.183,0
12.231,0
12.279,0
12.326,0
12.358,0
12.406,0
12.454,0
12.486,0
12.534,0
12.55,0
12.582,0
12.63,0
12.677,0
12.724,0
12.772,0
12.804,0
12.851,0
12.899,0
12.946,0
12.978,0
13.025,0
13.072,0
13.12,0
13.167,0
13.214,0
13.262,0
13.326,0
13.373,0
13.436,0
13.498,0
13.562,0
13.626,0
13.674,0
13.722,0
13.77,0
13.833,0
13.881,0
13.929,0
13.977,0
14.025,0
14.073,0
14.136,0
14.182,0
14.23,0
14.262,0
14.31,0
14.358,0
14.406,0
14.453,0
14.484,0
14.532,0
14.579,0
14.627,0
14.674,0
14.722,0
14.752,0
14.784,0
14.832,0
14.88,0
14.927,0
14.959,0
14.991,0
15.039,0
15.07,0
15.102,0
15.15,0
15.198,0
15.246,0
15.294,0
15.356,0
15.404,0
15.436,0
15.468,0
15.532,0
15.596,0
15.644,0
15.691,0
15.754,0
15.786,0
15.849,0
15.913,0
15.977,0
16.025,0
16.057,0
16.088,0
16.152,0
16.216,0
16.264,0
16.328,0
16.392,0
16.44,0
16.503,0
16.567,0
16.63,0
16.694,0
16.758,0
16.821,0
16.869,0
16.932,0
16.964,0
16.996,0
17.044,0
17.092,0
17.124,0
17.172,0
17.219,0
17.267,0
17.299,0
17.347,0
17.379,0
17.427,0
17.459,0
17.507,0
17.539,0
17.569,0
17.617,0
17.649,0
17.696,0
17.743,0
17.79,0
17.838,0
17.885,0
17.933,0
17.965,0
17.997,0
18.029,0
18.061,0
18.108,0
18.156,0
18.188,0
18.236,0
18.284,0
18.316,0
18.347,0
18.409,0
18.472,0
18.52,0
18.568,0
18.616,0
18.68,0
18.744,1006
18.792,12544
18.839,16996
18.887,19081
18.951,19771
18.999,19470
19.047,18778
19.111,17949
19.175,16718
19.222,15497
19.285,11174
19.333,6262
19.381,4024
19.429,2587
19.477,1656
19.525,1059
19.573,673
19.62,424
19.684,244
19.732,81
19.764,1
19.812,0
19.876,0
19.924,0
19.988,0
20.035,0
20.083,0
20.147,0
20.195,0
20.259,0
20.307,0
20.355,0
20.418,0
20.482,0
20.546,0
20.594,0
20.641,0
20.673,0
20.705,0
20.752,0
20.783,0
20.831,0
20.879,0
20.911,0
20.958,0
20.99,0
21.038,0
21.07,0
21.102,0
21.133,0
21.164,0
21.212,0
21.244,0
21.276,0
21.323,0
21.339,0
21.371,0
21.419,0
21.467,0
21.515,0
21.547,0
21.595,0
21.642,0
21.69,0
21.738,0
21.77,0
21.818,0
21.866,0
21.898,0
21.945,0
21.993,0
22.039,0
22.102,0
22.165,0
22.228,0
22.276,0
22.324,0
22.356,0
22.419,0
22.483,0
22.547,0
22.611,0
22.675,0
22.739,0
22.802,0
22.85,0
22.914,0
22.978,0
23.041,0
23.089,0
23.136,0
23.184,0
23.231,0
23.263,0
23.295,0
23.327,0
23.359,0
23.391,0
23.423,0
23.455,0
23.487,0
23.518,0
23.55,0
23.582,0
23.614,0
23.661,0
23.677,0
23.709,0
23.741,0
23.789,0
23.821,0
23.852,0
23.884,0
23.916,0
23.964,0
23.996,0
24.028,0
24.06,0
24.092,0
24.14,0
24.188,0
24.204,0
24.235,0
24.283,0
24.315,0
24.363,0
24.395,0
24.443,0
24.459,0
24.507,0
24.539,0
24.587,0
24.618,0
24.666,0
24.698,0
24.746,0
24.778,0
24.81,0
24.857,0
24.889,0
24.921,0
24.968,0
25.015,0
25.063,0
25.111,0
25.159,0
25.207,0
25.239,0
25.271,0
25.319,0
25.366,0
25.398,0
25.445,0
25.493,0
25.541,0
25.589,0
25.652,0
25.7,0
25.763,0
25.827,0
25.891,0
25.955,0
26.019,0
26.083,0
26.146,0
26.194,0
26.242,0
26.306,0
26.353,0
26.401,0
26.464,0
26.511,0
26.575,0
26.639,0
26.703,0
26.751,0
26.815,0
26.862,0
26.926,0
26.99,0
27.038,0
27.102,0
27.149,0
27.212,0
27.243,0
27.291,0
27.339,0
27.371,0
27.435,0
27.467,0
27.515,0
27.561,0
27.608,0
27.656,0
27.704,0
27.752,0
27.784,0
27.831,0
27.863,0
27.879,0
27.911,0
27.943,0
27.989,0
28.037,0
28.084,0
28.132,0
28.164,0
28.196,0
28.244,0
28.276,0
28.324,0
28.371,0
28.419,0
28.451,0
28.483,0
28.546,0
28.593,0
28.656,0
28.72,0
28.783,0
28.846,0
28.894,0
28.942,0
28.989,0
29.053,0
29.1,0
29.147,0
29.211,0
29.259,0
29.307,0
29.339,0
29.371,0
29.403,0
29.449,0
29.481,0
29.529,0
29.561,0
29.608,0
29.64,0
29.686,0
29.718,0
29.765,0
29.797,0
29.829,0
29.877,0
29.909,0
29.957,0
30.004,0
30.051,0
30.082,0
30.13,0
30.177,0
30.224,0
30.288,0
30.352,0
30.415,0
30.478,0
30.54,0
30.604,0
30.652,0
30.714,0
30.778,0
30.826,0
30.89,0
30.938,0
30.969,0
31.016,0
31.063,0
31.111,0
31.159,0
31.207,0
31.255,0
31.303,0
31.35,0
31.382,0
31.413,0
31.445,0
31.493,0
31.525,0
31.573,0
31.621,0
31.668,0
31.716,0
31.747,0
31.795,0
31.843,0
31.891,0
31.939,0
31.971,0
32.019,0
32.067,0
32.115,0
32.145,0
32.192,0
32.224,0
32.272,0
32.304,0
32.335,0
32.383,0
32.447,0
32.495,0
32.542,0
32.605,0
32.668,0
32.732,0
32.796,0
32.86,0
32.923,0
32.987,0
33.035,0
33.083,0
33.131,0
33.195,0
33.242,0
33.306,0
33.369,0
33.433,0
33.497,0
33.56,0
33.592,0
33.639,0
33.671,0
33.719,0
33.751,0
33.798,0
33.83,0
33.877,0
33.909,0
33.941,0
33.988,0
34.02,0
34.052,0
34.1,0
34.132,0
34.18,0
34.228,0
34.26,0
34.292,0
34.34,0
34.387,0
34.419,0
34.467,0
34.483,0
34.514,0
34.545,0
34.577,0
34.625,0
34.673,0
34.705,0
34.752,0
34.784,0
34.816,0
34.864,0
34.912,0
34.959,0
35.007,0
35.055,0
35.103,0
35.134,0
35.182,0
35.23,0
35.262,0
35.325,0
35.373,0
35.437,0
35.485,0
35.532,0
35.58,0
35.644,0
35.692,0
35.756,0
35.803,0
35.851,0
35.898,0
35.962,0
36.026,0
36.09,0
36.153,0
36.201,0
36.264,0
36.328,0
36.392,0
36.44,0
36.488,0
36.552,0
36.615,0
36.662,0
36.708,0
36.756,0
36.788,0
36.836,0
36.884,0
36.932,0
36.98,0
37.027,0
37.059,0
37.107,0
37.139,0
37.171,0
37.203,0
37.251,0
37.283,0
37.331,0
37.363,0
37.394,0
37.442,0
37.49,0
37.538,0
37.569,0
37.601,0
37.649,0
37.681,0
37.729,0
37.776,0
37.808,0
37.856,0
37.904,0
37.936,0
37.968,0
38.0,0
38.032,0
38.079,0
38.126,0
38.158,0
38.206,0
38.238,0
38.27,0
38.302,0
38.334,0
38.366,0
38.414,0
38.461,0
38.508,0
38.54,0
38.572,0
38.62,0
38.668,0
38.716,0
38.748,0
38.78,0
38.828,0
38.875,0
38.907,0
38.955,0
39.003,0
39.035,0
39.067,0
39.099,0
39.162,0
39.21,0
39.274,0
39.321,0
39.385,0
39.449,0
39.513,0
39.576,0
39.624,0
39.671,0
39.719,0
39.782,0
39.83,0
39.894,0
39.958,0
40.022,0
40.069,0
40.117,0
40.181,0
40.245,0
40.308,0
40.356,0
40.403,0
40.451,0
40.499,0
40.563,0
40.627,0
40.691,0
40.755,0
40.819,0
40.867,0
40.931,0
40.993,0
41.056,0
41.088,0
41.135,0
41.167,0
41.215,0
41.247,0
41.295,0
41.343,0
41.375,0
41.407,0
41.454,0
41.486,0
41.534,0
41.582,0
41.63,0
41.646,0
41.676,0
41.723,0
41.771,0
41.802,0
41.834,0
41.866,0
41.914,0
41.946,0
41.977,0
42.025,0
42.071,0
42.119,0
42.182,0
42.23,0
42.294,0
42.341,0
42.388,0
42.452,0
42.499,0
42.547,0
42.595,0
42.659,0
42.723,0
42.787,0
42.85,0
42.913,0
42.961,0
43.009,0
43.073,0
43.121,0
43.184,0
43.231,0
43.279,0
43.326,0
43.374,0
43.438,0
43.486,0
43.534,0
43.581,0
43.629,0
43.661,0
43.709,0
43.757,0
43.805,0
43.837,0
43.885,0
43.933,0
43.979,0
44.011,0
44.059,0
44.091,0
44.139,0
44.171,0
44.219,0
44.251,0
44.299,0
44.346,0
44.377,0
44.408,0
44.439,0
44.487,0
44.535,0
44.567,0
44.615,0
44.663,0
44.71,0
44.757,0
44.805,0
44.853,0
44.901,0
44.964,0
45.028,0
45.09,0
45.153,0
45.201,0
45.248,0
45.296,0
45.344,0
45.408,0
45.471,0
45.535,0
45.582,0
45.629,0
45.677,0
45.725,0
45.741,0
45.789,0
45.821,0
45.868,0
45.916,0
45.963,0
46.011,0
46.043,0
46.091,0
46.139,0
46.155,0
46.202,0
46.234,0
46.282,0
46.329,0
46.361,0
46.409,0
46.441,0
46.489,0
46.537,0
46.568,0
46.6,0
46.648,0
46.678,0
46.726,0
46.774,0
46.806,0
46.854,0
46.902,0
46.949,0
46.964,0
46.996,0
47.043,0
47.091,0
47.155,0
47.219,0
47.282,0
47.344,0
47.392,0
47.455,0
47.519,0
47.583,0
47.631,0
47.679,0
47.742,0
47.806,0
47.87,0
47.934,0
47.998,0
48.044,0
48.091,0
48.123,0
48.155,0
48.187,0
48.219,0
48.251,0
48.283,0
48.315,0
48.363,0
48.411,0
48.458,0
48.489,0
48.537,0
48.585,0
48.632,0
48.664,0
48.712,0
48.728,0
48.76,0
48.807,0
48.839,0
48.871,0
48.903,0
48.935,0
48.951,0
48.967,0
48.999,0
49.046,0
49.077,0
49.108,0
49.14,0
49.188,0
49.219,0
49.235,0
49.267,0
49.315,0
49.347,0
49.379,0
49.426,0
49.474,0
49.52,0
49.567,0
49.598,0
49.63,0
49.662,0
49.708,0
49.772,0
49.82,0
49.852,0
49.9,0
49.947,0
50.011,0
50.074,0
50.122,0
50.17,0
50.202,0
50.25,0
50.298,0
50.314,0
50.361,0
50.409,0
50.456,0
50.488,0
50.52,0
50.568,0
50.616,0
50.664,0
50.712,0
50.743,0
50.775,0
50.806,0
50.837,0
50.853,0
50.884,0
50.932,0
50.964,0
51.012,0
51.058,0
51.089,0
51.137,0
51.184,0
51.232,0
51.28,0
51.343,0
51.39,0
51.454,0
51.518,0
51.565,0
51.611,0
51.659,0
51.706,0
51.754,0
51.818,0
51.866,0
51.93,0
51.977,0
52.024,0
52.056,0
52.104,0
52.136,0
52.168,0
52.216,0
52.247,0
52.294,0
52.326,0
52.358,0
52.389,0
52.437,0
52.485,0
52.533,0
52.579,0
52.625,0
52.672,0
52.72,0
52.768,0
52.816,0
52.879,0
52.926,0
52.989,0
53.053,0
53.101,0
53.148,0
53.212,0
53.26,0
53.322,0
53.385,0
53.433,0
53.497,0
53.561,0
53.625,0
53.687,0
53.751,0
53.783,0
53.831,0
53.879,0
53.911,0
53.959,0
53.991,0
54.038,0
54.085,0
54.117,0
54.164,0
54.212,0
54.26,0
54.308,0
54.356,0
54.403,0
54.45,0
54.498,0
54.53,0
54.578,0
54.626,0
54.674,0
54.722,0
54.768,0
54.8,0
54.816,0
54.864,0
54.912,0
54.944,0
54.976,0
55.024,0
55.072,0
55.104,0
55.136,0
55.182,0
55.229,0
55.277,0
55.325,0
55.373,0
55.437,0
55.485,0
55.531,0
55.595,0
55.643,0
55.705,0
55.769,0
55.833,0
55.881,0
55.944,0
56.008,0
56.072,0
56.136,0
56.184,0
56.245,0
56.292,0
56.34,0
56.372,0
56.404,0
56.42,0
56.468,0
56.516,0
56.563,0
56.595,0
56.626,0
56.673,0
56.721,0
56.769,0
56.801,0
56.832,0
56.88,0
56.928,0
56.976,0
57.023,0
57.071,0
57.119,0
57.151,0
57.199,0
57.247,0
57.295,0
57.343,0
57.375,0
57.422,0
57.47,0
57.518,0
57.566,0
57.614,0
57.662,0
57.71,0
57.758,0
57.789,0
57.821,0
57.853,0
57.885,0
57.933,0
57.981,0
58.029,0
58.077,0
58.109,0
58.156,0
58.204,0
58.236,0
58.268,0
58.3,0
58.347,0
58.411,0
58.473,0
58.52,0
58.584,0
58.632,0
58.68,0
58.742,0
58.806,0
58.869,0
58.931,0
58.979,0
59.026,0
59.074,0
59.121,0
59.169,0
59.217,0
59.248,0
59.296,0
59.343,0
59.375,0
59.423,0
59.471,0
59.503,0
59.534,0
59.566,0
59.582,0
59.63,0
59.677,0
59.723,0
59.755,0
59.802,0
59.85,0
59.882,0
59.929,0
59.992,0
60.055,0
60.103,0
60.151,0
60.214,0
60.278,0
60.324,0
60.388,0
60.451,0
60.498,0
60.529,0
60.561,0
60.592,0
60.64,0
60.688,0
60.719,0
60.767,0
60.799,0
60.847,0
60.879,0
60.911,0
60.959,0
60.991,0
61.038,0
61.085,0
61.132,0
61.164,0
61.212,0
61.228,0
61.26,0
61.308,0
61.34,0
61.387,0
61.419,0
61.451,0
61.483,0
61.515,0
61.546,0
61.594,0
61.626,0
61.674,0
61.722,0
61.754,0
61.786,0
61.834,0
61.882,0
61.913,0
61.945,0
61.993,0
62.025,0
62.073,0
62.105,0
62.153,0
62.185,0
62.217,0
62.265,0
62.312,0
62.375,0
62.439,0
62.487,0
62.551,0
62.599,0
62.663,0
62.724,0
62.788,0
62.852,0
62.899,0
62.946,0
62.994,0
63.041,0
63.104,0
63.168,0
63.215,0
63.263,0
63.311,0
63.359,0
63.407,0
63.439,0
63.471,0
63.502,0
63.55,0
63.598,0
63.63,0
63.678,0
63.71,0
63.758,0
63.806,0
63.853,0
63.9,0
63.948,0
63.996,0
64.028,0
64.06,0
64.092,0
64.124,0
64.156,0
64.188,0
64.235,0
64.267,0
64.299,0
64.331,0
64.363,0
64.395,0
64.427,0
64.475,0
64.523,0
64.555,0
64.603,0
64.65,0
64.698,0
64.746,0
64.778,0
64.81,0
64.858,0
64.906,0
64.938,0
64.986,0
65.033,0
65.08,0
65.128,0
65.16,0
65.208,0
65.256,0
65.288,0
65.32,0
65.352,0
65.383,0
65.431,0
65.479,0
65.527,0
65.575,0
65.623,0
65.654,0
65.702,0
65.734,0
65.765,0
65.813,0
65.845,0
65.893,0
65.939,0
66.003,0
66.067,0
66.13,0
66.178,0
66.226,0
66.29,0
66.338,0
66.386,0
66.45,0
66.513,0
66.577,0
66.641,0
66.705,0
66.769,0
66.833,0
66.88,0
66.944,0
66.992,0
67.056,0
67.12,0
67.184,0
67.247,0
67.295,0
67.343,0
67.391,0
67.439,0
67.503,0
67.566,0
67.613,0
67.677,0
67.741,0
67.804,0
67.852,0
67.9,0
67.932,0
67.98,0
68.011,0
68.043,0
68.091,0
68.139,0
68.187,0
68.235,0
68.283,0
68.33,0
68.377,0
68.408,0
68.44,0
68.472,0
68.504,0
68.552,0
68.6,0
68.631,0
68.679,0
68.726,0
68.774,0
68.821,0
68.869,0
68.917,0
68.965,0
69.013,0
69.045,0
69.077,0
69.124,0
69.156,0
69.188,0
69.236,0
69.284,0
69.332,0
69.38,0
69.428,0
69.46,0
69.491,0
69.539,0
69.571,0
69.619,0
69.667,0
69.715,0
69.763,0
69.811,0
69.858,0
69.89,0
69.938,0
69.97,0
70.018,0
70.05,0
70.082,0
70.13,0
70.162,0
70.194,0
70.24,0
70.304,0
70.351,0
70.415,0
70.447,0
70.495,0
70.559,0
70.606,0
70.67,0
70.718,0
70.782,0
70.829,0
70.893,0
70.941,0
70.987,0
71.051,0
71.099,0
71.163,0
71.195,0
71.243,0
71.291,0
71.339,0
71.386,0
71.45,0
71.514,0
71.577,0
71.608,0
71.623,0
71.655,0
71.703,0
71.735,0
71.782,0
71.83,0
71.846,0
71.878,0
71.91,0
71.958,0
71.974,0
72.021,0
72.053,0
72.101,0
72.133,0
72.164,0
72.196,0
72.244,0
72.276,0
72.323,0
72.354,0
72.402,0
72.434,0
72.466,0
72.514,0
72.545,0
72.593,0
72.639,0
72.702,0
72.75,0
72.798,0
72.846,0
72.909,0
72.971,0
73.035,0
73.099,0
73.163,0
73.211,0
73.259,0
73.307,0
73.37,0
73.418,0
73.481,0
73.543,0
73.591,0
73.623,0
73.671,0
73.717,0
73.749,0
73.781,0
73.813,0
73.861,0
73.893,0
73.941,0
73.973,0
74.005,0
74.037,0
74.069,0
74.1,0
74.132,0
74.18,0
74.228,0
74.276,0
74.308,0
74.355,0
74.401,0
74.433,0
74.464,0
74.496,0
74.544,0
74.576,0
74.624,0
74.655,0
74.701,0
74.749,0
74.796,0
74.858,0
74.922,0
74.985,0
75.033,0
75.08,0
75.143,0
75.175,0
75.222,0
75.254,0
75.302,0
75.333,0
75.364,0
75.411,0
75.459,0
75.491,0
75.523,0
75.57,0
75.618,0
75.65,0
75.682,0
75.73,0
75.762,0
75.81,0
75.858,0
75.906,0
75.953,0
76.0,0
76.048,0
76.096,0
76.144,0
76.192,0
76.224,0
76.272,0
76.32,0
76.367,0
76.398,0
76.446,0
76.493,0
76.525,0
76.573,0
76.605,0
76.653,0
76.685,0
76.748,0
76.812,0
76.876,0
76.924,0
76.987,0
77.035,0
77.081,0
77.129,0
77.177,0
77.241,0
77.289,0
77.353,0
77.416,0
77.479,0
77.527,0
77.59,0
77.653,0
77.7,0
77.748,0
77.796,0
77.843,0
77.891,0
77.923,0
77.939,0
77.971,0
78.019,0
78.066,0
78.098,0
78.146,0
78.193,0
78.224,0
78.256,0
78.288,0
78.336,0
78.368,0
78.4,0
78.431,0
78.479,0
78.511,0
78.559,0
78.59,0
78.622,0
78.67,0
78.702,0
78.718,0
78.75,0
78.782,0
78.83,0
78.878,0
78.925,0
78.956,0
78.988,0
79.02,0
79.052,0
79.084,0
79.116,0
79.148,0
79.18,0
79.228,0
79.26,0
79.307,0
79.37,0
79.418,0
79.465,0
79.497,0
79.545,0
79.608,0
79.672,0
79.719,0
79.783,0
79.831,0
79.895,0
79.943,0
80.006,0
80.054,0
80.101,0
80.149,0
80.197,0
80.245,0
tijd,meetwaarde
0.018,0
0.036,0
0.051,0
0.067,0
0.081,0
0.099,0
0.116,0
0.129,0
0.144,0
0.161,0
0.179,0
0.196,0
0.213,0
0.227,0
0.239,0
0.26,0
0.272,0
0.289,0
0.306,0
0.32,0
0.338,0
0.352,0
0.367,0
0.387,0
0.402,0
0.416,0
0.433,0
0.448,0
0.461,0
0.482,0
0.496,0
0.515,0
0.528,0
0.547,0
0.562,0
0.58,0
0.592,0
0.608,0
0.624,0
0.64,0
0.658,0
0.674,0
0.689,0
0.706,0
0.723,0
0.736,0
0.755,0
0.772,0
0.784,0
0.801,0
0.821,0
0.834,0
0.852,0
0.866,0
0.88,0
0.901,0
0.915,0
0.932,0
0.945,0
0.96,0
0.977,0
0.993,0
1.006,0
1.026,0
1.043,0
1.058,0
1.072,0
1.089,0
1.107,0
1.116,0
1.137,0
1.153,0
1.17,0
1.186,0
1.204,0
1.218,0
1.233,0
1.25,0
1.268,0
1.28,0
1.295,0
1.313,0
1.328,0
1.346,0
1.363,0
1.392,0
1.44,0
1.488,0
1.52,0
1.568,0
1.599,0
1.647,0
1.679,0
1.711,0
1.758,0
1.79,0
1.838,0
1.886,0
1.917,0
1.965,0
2.013,0
2.045,0
2.092,0
2.139,0
2.17,0
2.218,0
2.266,0
2.33,0
2.378,0
2.442,0
2.505,0
2.568,0
2.616,0
2.664,0
2.712,0
2.76,0
2.823,0
2.886,0
2.934,0
2.982,0
3.029,0
3.077,0
3.124,0
3.187,0
3.219,0
3.266,0
3.297,0
3.345,0
3.377,0
3.409,0
3.425,0
3.457,0
3.489,0
3.521,0
3.553,0
3.601,0
3.647,0
3.695,0
3.727,0
3.759,0
3.791,0
3.838,0
3.87,0
3.918,0
3.934,0
3.982,0
4.013,0
4.061,0
4.109,0
4.141,0
4.173,0
4.221,0
4.269,0
4.316,0
4.363,0
4.411,0
4.443,0
4.474,0
4.536,0
4.599,0
4.663,0
4.711,0
4.758,0
4.805,0
4.853,0
4.9,0
4.964,0
5.027,0
5.09,0
5.137,0
5.185,0
5.217,0
5.265,0
5.313,0
5.361,0
5.408,0
5.44,0
5.487,0
5.534,0
5.582,0
5.63,0
5.678,0
5.726,0
5.774,0
5.82,0
5.851,0
5.883,0
5.931,0
5.978,0
6.01,0
6.042,0
6.09,0
6.138,0
6.154,0
6.202,0
6.233,0
6.281,0
6.313,0
6.375,0
6.421,0
6.484,0
6.548,0
6.611,0
6.675,0
6.739,0
6.802,0
6.866,0
6.93,0
6.993,0
7.057,0
7.105,0
7.166,0
7.214,0
7.246,0
7.294,0
7.342,0
7.39,0
7.438,0
7.47,0
7.518,0
7.55,0
7.597,0
7.629,0
7.676,0
7.708,0
7.756,0
7.787,0
7.835,0
7.867,0
7.914,0
7.96,0
8.008,0
8.056,0
8.103,0
8.135,0
8.183,0
8.215,0
8.247,0
8.293,0
8.356,0
8.42,0
8.483,0
8.531,0
8.579,0
8.641,0
8.687,0
8.751,0
8.815,0
8.847,0
8.911,0
8.975,0
9.023,0
9.054,0
9.102,0
9.134,0
9.198,0
9.246,0
9.278,0
9.326,0
9.374,0
9.421,0
9.469,0
9.5,0
9.548,0
9.596,0
9.644,0
9.676,0
9.708,0
9.756,0
9.787,0
9.819,0
9.866,0
9.914,0
9.946,0
9.978,0
10.01,0
10.042,0
10.09,0
10.138,0
10.169,0
10.216,0
10.248,0
10.296,0
10.327,0
10.359,0
10.391,0
10.423,0
10.455,0
10.502,0
10.548,0
10.595,0
10.643,0
10.691,0
10.739,0
10.802,0
10.85,0
10.897,0
10.96,0
11.008,0
11.072,0
11.119,0
11.182,0
11.245,0
11.29,0
11.338,0
11.37,0
11.401,0
11.449,0
11.481,0
11.513,0
11.561,0
11.592,0
11.624,0
11.655,0
11.702,0
11.734,0
11.766,0
11.798,0
11.846,0
11.878,0
11.894,0
11.942,0
11.99,0
12.022,0
12.068,0
12.116,0
12.148,0
12.196,0
12.244,0
12.291,0
12.339,0
12.386,0
12.433,0
12.481,0
12.545,0
12.609,0
12.657,0
12.705,0
12.767,0
12.815,0
12.879,0
12.943,0
12.991,0
13.039,0
13.087,0
13.15,0
13.213,0
13.261,0
13.308,0
13.372,0
13.436,0
13.484,0
13.547,0
13.578,0
13.625,0
13.657,0
13.705,0
13.751,0
13.782,0
13.814,0
13.861,0
13.892,0
13.94,0
13.988,0
14.02,0
14.068,0
14.115,0
14.163,0
14.21,0
14.273,0
14.334,0
14.366,0
14.43,0
14.494,0
14.557,0
14.605,0
14.667,0
14.731,0
14.794,0
14.81,0
14.842,0
14.89,0
14.953,0
15.001,0
15.032,0
15.063,0
15.111,0
15.143,0
15.191,0
15.222,0
15.27,0
15.318,0
15.366,0
15.413,0
15.445,0
15.493,0
15.525,0
15.556,0
15.572,0
15.62,0
15.652,0
15.7,0
15.732,0
15.779,0
15.827,0
15.875,0
15.907,0
15.939,0
15.971,0
16.019,0
16.067,0
16.115,0
16.147,0
16.178,0
16.21,0
16.258,0
16.305,0
16.337,0
16.385,0
16.433,0
16.481,0
16.512,0
16.544,0
16.592,0
16.64,0
16.672,0
16.704,0
16.752,0
16.784,0
16.816,0
16.864,0
16.926,0
16.99,0
17.054,0
17.102,0
17.15,0
17.213,0
17.26,0
17.307,0
17.37,0
17.417,0
17.48,0
17.512,0
17.56,0
17.608,0
17.655,0
17.703,0
17.751,0
17.783,0
17.831,0
17.863,0
17.909,0
17.94,0
17.972,0
18.02,0
18.051,0
18.082,0
18.128,0
18.16,0
18.208,0
18.24,0
18.272,0
18.319,0
18.367,0
18.414,0
18.446,0
18.493,0
18.541,0
18.604,0
18.668,0
18.731,0
18.778,0
18.842,0
18.906,0
18.97,0
19.034,0
19.097,0
19.145,0
19.208,0
19.272,0
19.32,0
19.384,0
19.448,0
19.496,0
19.559,0
19.591,0
19.639,0
19.687,0
19.735,0
19.798,0
19.846,0
19.878,0
19.909,0
19.94,0
19.972,0
20.004,0
20.036,0
20.068,0
20.1,0
20.148,0
20.195,0
20.243,0
20.29,0
20.337,0
20.369,0
20.416,0
20.448,0
20.479,0
20.527,0
20.559,0
20.607,0
20.655,0
20.701,0
20.749,0
20.797,0
20.829,0
20.861,0
20.893,0
20.94,0
20.988,0
21.051,0
21.097,0
21.161,0
21.209,0
21.273,0
21.321,0
21.384,0
21.43,0
21.477,0
21.54,0
21.572,0
21.619,0
21.667,0
21.715,0
21.763,0
21.794,0
21.842,0
21.89,0
21.938,0
21.986,0
22.017,0
22.064,0
22.112,0
22.158,0
22.19,0
22.238,0
22.286,0
22.333,0
22.381,0
22.413,0
22.461,0
22.508,0
22.539,0
22.586,0
22.649,0
22.713,0
22.776,0
22.824,0
22.888,0
22.935,0
22.998,0
23.045,0
23.109,0
23.173,0
23.22,0
23.283,0
23.315,0
23.346,0
23.378,0
23.426,0
23.474,0
23.506,0
23.553,0
23.601,0
23.649,0
23.68,0
23.728,0
23.76,0
23.808,0
23.855,0
23.887,0
23.919,0
23.967,0
24.015,0
24.061,0
24.093,0
24.124,0
24.156,0
24.188,0
24.236,0
24.283,0
24.315,0
24.363,0
24.41,0
24.458,0
24.506,0
24.553,0
24.6,0
24.664,0
24.712,0
24.774,0
24.837,0
24.901,0
24.964,0
25.028,0
25.092,0
25.154,0
25.2,0
25.232,0
25.28,0
25.328,0
25.375,0
25.423,0
25.471,0
25.503,0
25.535,0
25.582,0
25.63,0
25.678,0
25.726,0
25.774,0
25.821,0
25.868,0
25.9,0
25.932,0
25.979,0
26.011,0
26.059,0
26.107,0
26.138,0
26.186,0
26.234,0
26.282,0
26.33,0
26.377,0
26.425,0
26.457,0
26.504,0
26.552,0
26.6,0
26.647,0
26.695,0
26.742,0
26.805,0
26.853,0
26.916,0
26.964,0
27.028,0
27.092,0
27.154,0
27.217,0
27.28,0
27.328,0
27.375,0
27.422,0
27.454,0
27.501,0
27.533,0
27.549,0
27.581,0
27.628,0
27.66,0
27.692,0
27.724,0
27.772,0
27.804,0
27.835,0
27.883,0
27.899,0
27.93,0
27.961,0
28.009,0
28.057,0
28.089,0
28.121,0
28.152,0
28.2,0
28.232,0
28.279,0
28.311,0
28.343,0
28.391,0
28.423,0
28.471,0
28.503,0
28.551,0
28.583,0
28.631,0
28.692,0
28.755,0
28.818,0
28.882,0
28.946,0
28.994,0
29.056,0
29.12,0
29.184,0
29.247,0
29.311,0
29.359,0
29.406,0
29.454,0
29.502,0
29.534,0
29.582,0
29.614,0
29.646,0
29.694,0
29.741,0
29.772,0
29.804,0
29.836,0
29.868,0
29.9,0
29.948,0
29.98,0
30.027,0
30.058,0
30.104,0
30.152,0
30.196,0
30.244,0
30.307,0
30.371,0
30.435,0
30.499,0
30.562,0
30.626,0
30.689,0
30.753,0
30.801,0
30.865,0
30.928,0
30.992,0
31.04,0
31.104,0
31.168,0
31.231,0
31.294,0
31.342,0
31.39,0
31.454,0
31.518,0
31.566,0
31.614,0
31.676,0
31.708,0
31.74,0
31.772,0
31.82,0
31.852,0
31.9,0
31.948,0
31.98,0
32.027,0
32.059,0
32.107,0
32.155,0
32.187,0
32.234,0
32.28,0
32.312,0
32.344,0
32.376,0
32.423,0
32.455,0
32.487,0
32.519,0
32.567,0
32.614,0
32.646,0
32.677,0
32.724,0
32.756,0
32.818,0
32.88,0
32.943,0
33.007,0
33.055,0
33.119,0
33.166,0
33.23,0
33.293,0
33.341,0
33.405,0
33.437,0
33.501,0
33.564,0
33.612,0
33.676,0
33.74,0
33.788,0
33.836,0
33.899,0
33.947,0
34.011,0
34.075,0
34.123,0
34.155,0
34.187,0
34.234,0
34.281,0
34.313,0
34.345,0
34.392,0
34.424,0
34.456,0
34.488,0
34.535,0
34.567,0
34.615,0
34.662,0
34.694,0
34.726,0
34.774,0
34.822,0
34.87,0
34.918,0
34.95,0
34.998,0
35.045,0
35.093,0
35.125,0
35.157,0
35.205,0
35.237,0
35.285,0
35.333,0
35.381,0
35.428,0
35.476,0
35.508,0
35.555,0
35.587,0
35.634,0
35.682,0
35.73,0
35.778,0
35.81,0
35.842,0
35.89,0
35.922,0
35.97,0
36.017,0
36.065,0
36.113,0
36.145,0
36.193,0
36.241,0
36.289,0
36.32,0
36.368,0
36.431,0
36.479,0
36.543,0
36.591,0
36.639,0
36.687,0
36.751,0
36.814,0
36.878,0
36.926,0
36.974,0
37.038,0
37.086,0
37.149,0
37.197,0
37.261,0
37.309,0
37.357,0
37.405,0
37.468,0
37.515,0
37.563,0
37.611,0
37.675,0
37.723,0
37.787,0
37.851,0
37.898,0
37.946,0
38.009,0
38.041,0
38.089,0
38.136,0
38.168,0
38.2,0
38.246,0
38.278,0
38.326,0
38.358,0
38.39,0
38.437,0
38.469,0
38.5,0
38.548,0
38.596,0
38.643,0
38.674,0
38.706,0
38.738,0
38.77,0
38.786,0
38.834,0
38.85,0
38.882,0
38.914,0
38.947,0
38.992,0
39.024,0
39.071,0
39.119,0
39.151,0
39.183,0
39.231,0
39.279,0
39.327,0
39.359,0
39.39,0
39.438,0
39.5,0
39.547,0
39.595,0
39.643,0
39.691,0
39.753,0
39.817,0
39.881,0
39.945,0
39.993,0
40.056,0
40.12,0
40.182,0
40.23,0
40.278,0
40.326,0
40.358,0
40.406,0
40.438,0
40.486,0
40.533,0
40.581,0
40.613,0
40.661,0
40.709,0
40.74,0
40.772,0
40.804,0
40.836,0
40.883,0
40.914,0
40.946,0
40.993,53
41.041,5153
41.089,13052
41.121,17254
41.152,18708
41.184,19481
41.216,19777
41.262,19728
41.294,19271
41.342,18783
41.39,17912
41.438,16998
41.484,16148
41.548,14249
41.595,8260
41.658,5388
41.706,2961
41.754,1897
41.818,1216
41.866,677
41.93,420
41.978,194
42.041,90
42.105,0
42.151,0
42.199,0
42.247,0
42.31,0
42.357,0
42.421,0
42.485,0
42.549,0
42.612,0
42.66,0
42.708,0
42.738,0
42.77,0
42.802,0
42.834,0
42.865,0
42.912,0
42.944,0
42.992,0
43.04,0
43.072,0
43.119,0
43.151,0
43.183,0
43.215,0
43.247,0
43.279,0
43.311,0
43.343,0
43.374,0
43.406,0
43.438,0
43.47,0
43.501,0
43.549,0
43.581,0
43.613,0
43.645,0
43.677,0
43.725,0
43.741,0
43.789,0
43.836,0
43.867,0
43.914,0
43.977,0
44.025,0
44.089,0
44.136,0
44.184,0
44.231,0
44.295,0
44.343,0
44.391,0
44.439,0
44.487,0
44.551,0
44.598,0
44.661,0
44.725,0
44.773,0
44.836,0
44.9,0
44.964,0
45.01,0
45.074,0
45.138,0
45.17,0
45.218,0
45.266,0
45.314,0
45.362,0
45.409,0
45.456,0
45.487,0
45.535,0
45.582,0
45.614,0
45.66,0
45.676,0
45.708,0
45.755,0
45.803,0
45.835,0
45.867,0
45.899,0
45.946,0
45.994,0
46.042,0
46.09,0
46.121,0
46.184,0
46.248,0
46.312,0
46.374,0
46.437,0
46.501,0
46.565,0
46.613,0
46.676,0
46.739,0
46.787,0
46.851,0
46.914,0
46.978,0
47.041,0
47.105,0
47.169,0
47.201,0
47.265,0
47.329,0
47.361,0
47.407,0
47.439,0
47.471,0
47.519,0
47.551,0
47.583,0
47.615,0
47.662,0
47.694,0
47.742,0
47.774,0
47.805,0
47.836,0
47.868,0
47.915,0
47.963,0
47.995,0
48.043,0
48.091,0
48.122,0
48.17,0
48.218,0
48.266,0
48.312,0
48.359,0
48.391,0
48.438,0
48.486,0
48.534,0
48.581,0
48.629,0
48.676,0
48.739,0
48.787,0
48.835,0
48.867,0
48.931,0
48.995,0
49.058,0
49.122,0
49.185,0
49.233,0
49.297,0
49.361,0
49.423,0
49.487,0
49.55,0
49.598,0
49.646,0
49.694,0
49.742,0
49.789,0
49.837,0
49.884,0
49.932,0
49.98,0
50.012,0
50.06,0
50.107,0
50.139,0
50.17,0
50.218,0
50.266,0
50.314,0
50.361,0
50.409,0
50.441,0
50.489,0
50.535,0
50.566,0
50.598,0
50.629,0
50.66,0
50.723,0
50.787,0
50.851,0
50.898,0
50.962,0
51.026,0
51.089,0
51.152,0
51.2,0
51.247,0
51.293,0
51.341,0
51.405,0
51.452,0
51.5,0
51.548,0
51.58,0
51.628,0
51.659,0
51.707,0
51.755,0
51.803,0
51.851,0
51.899,0
51.947,0
51.995,0
52.042,0
52.089,0
52.137,0
52.185,0
52.233,0
52.249,0
52.281,0
52.328,0
52.359,0
52.405,0
52.453,0
52.485,0
52.517,0
52.564,0
52.596,0
52.627,0
52.691,0
52.738,0
52.785,0
52.849,0
52.913,0
52.977,0
53.025,0
53.073,0
53.12,0
53.167,0
53.199,0
53.247,0
53.279,0
53.342,0
53.406,0
53.454,0
53.517,0
53.565,0
53.613,0
53.676,0
53.739,0
53.787,0
53.835,0
53.866,0
53.912,0
53.943,0
53.991,0
54.039,0
54.087,0
54.135,0
54.183,0
54.215,0
54.247,0
54.293,0
54.341,0
54.389,0
54.42,0
54.452,0
54.5,0
54.548,0
54.58,0
54.612,0
54.643,0
54.69,0
54.738,0
54.801,0
54.865,0
54.912,0
54.976,0
55.024,0
55.072,0
55.136,0
55.183,0
55.231,0
55.279,0
55.343,0
55.407,0
55.455,0
55.519,0
55.582,0
55.646,0
55.71,0
55.774,0
55.838,0
55.902,0
55.949,0
55.997,0
56.061,0
56.125,0
56.157,0
56.205,0
56.252,0
56.316,0
56.379,0
56.443,0
56.491,0
56.555,0
56.603,0
56.666,0
56.73,0
56.794,0
56.858,0
56.906,0
56.97,0
57.033,0
57.066,0
57.113,0
57.161,0
57.193,0
57.241,0
57.289,0
57.336,0
57.384,0
57.431,0
57.463,0
57.511,0
57.559,0
57.591,0
57.622,0
57.654,0
57.702,0
57.75,0
57.782,0
57.83,0
57.861,0
57.893,0
57.941,0
57.973,0
58.021,0
58.069,0
58.101,0
58.149,0
58.181,0
58.229,0
58.26,0
58.292,0
58.34,0
58.388,0
58.435,0
58.483,0
58.516,0
58.563,0
58.595,0
58.642,0
58.69,0
58.738,0
58.77,0
58.817,0
58.849,0
58.897,0
58.929,0
58.961,0
59.008,0
59.04,0
59.088,0
59.105,0
59.136,0
59.184,0
59.232,0
59.28,0
59.312,0
59.344,0
59.391,0
59.439,0
59.471,0
59.503,0
59.551,0
59.599,0
59.615,0
59.663,0
59.711,0
59.758,0
59.806,0
59.839,0
59.886,0
59.95,0
60.012,0
60.06,0
60.123,0
60.187,0
60.235,0
60.299,0
60.347,0
60.411,0
60.459,0
60.522,0
60.586,0
60.634,0
60.698,0
60.762,0
60.826,0
60.873,0
60.92,0
60.984,0
61.048,0
61.096,0
61.144,0
61.176,0
61.239,0
61.303,0
61.367,0
61.43,0
61.494,0
61.542,0
61.589,0
61.619,0
61.667,0
61.699,0
61.747,0
61.779,0
61.827,0
61.875,0
61.923,0
61.971,0
62.017,0
62.065,0
62.113,0
62.145,0
62.192,0
62.24,0
62.287,0
62.303,0
62.335,0
62.365,0
62.397,0
62.445,0
62.477,0
62.493,0
62.541,0
62.589,0
62.637,0
62.669,0
62.717,0
62.764,0
62.812,0
62.859,0
62.907,0
62.955,0
63.02,0
63.083,0
63.146,0
63.21,0
63.273,0
63.337,0
63.369,0
63.417,0
63.481,0
63.544,0
63.592,0
63.656,0
63.72,0
63.783,0
63.847,0
63.91,0
63.974,0
64.038,0
64.085,0
64.149,0
64.213,0
64.276,0
64.34,0
64.404,0
64.451,0
64.483,0
64.531,0
64.563,0
64.595,0
64.642,0
64.69,0
64.722,0
64.754,0
64.786,0
64.834,0
64.882,0
64.929,0
64.977,0
65.024,0
65.072,0
65.12,0
65.168,0
65.2,0
65.248,0
65.28,0
65.312,0
65.36,0
65.407,0
65.439,0
65.487,0
65.534,0
65.566,0
65.614,0
65.646,0
65.694,0
65.742,0
65.789,0
65.837,0
65.869,0
65.917,0
65.949,0
65.997,0
66.045,0
66.077,0
66.124,0
66.172,0
66.22,0
66.268,0
66.316,0
66.348,0
66.396,0
66.428,0
66.475,0
66.506,0
66.554,0
66.602,0
66.65,0
66.698,0
66.73,0
66.762,0
66.81,0
66.858,0
66.889,0
66.937,0
66.985,0
67.033,0
67.064,0
67.127,0
67.19,0
67.254,0
67.318,0
67.366,0
67.414,0
67.461,0
67.525,0
67.589,0
67.637,0
67.701,0
67.764,0
67.827,0
67.891,0
67.955,0
68.003,0
68.067,0
68.131,0
68.179,0
68.242,0
68.29,0
68.354,0
68.418,0
68.482,0
68.546,0
68.609,0
68.673,0
68.737,0
68.768,0
68.832,0
68.88,0
68.912,0
68.975,0
69.023,0
69.055,0
69.103,0
69.134,0
69.181,0
69.213,0
69.245,0
69.276,0
69.324,0
69.371,0
69.419,0
69.451,0
69.483,0
69.515,0
69.563,0
69.611,0
69.659,0
69.691,0
69.722,0
69.77,0
69.818,0
69.85,0
69.882,0
69.93,0
69.962,0
70.01,0
70.058,0
70.089,0
70.137,0
70.185,0
70.233,0
70.281,0
70.313,0
70.345,0
70.377,0
70.409,0
70.457,0
70.504,0
70.552,0
70.585,0
70.616,0
70.648,0
70.68,0
70.712,0
70.76,0
70.807,0
70.854,0
70.886,0
70.934,0
70.966,0
70.983,0
71.045,0
71.109,0
71.172,0
71.234,0
71.298,0
71.362,0
71.426,0
71.474,0
71.522,0
71.586,0
71.649,0
71.713,0
71.776,0
71.84,0
71.904,0
71.952,0
72.015,0
72.079,0
72.143,0
72.191,0
72.255,0
72.318,0
72.381,0
72.445,0
72.493,0
72.54,0
72.572,0
72.604,0
72.652,0
72.7,0
72.731,0
72.763,0
72.811,0
72.828,0
72.859,0
72.891,0
72.923,0
72.955,0
72.986,0
73.034,0
73.081,0
73.129,0
73.177,0
73.225,0
73.273,0
73.321,0
73.353,0
73.401,0
73.432,0
73.479,0
73.526,0
73.574,0
73.622,0
73.671,0
73.702,0
73.75,0
73.782,0
73.829,0
73.876,0
73.924,0
73.971,0
74.019,0
74.067,0
74.099,0
74.131,0
74.163,0
74.195,0
74.242,0
74.29,0
74.353,0
74.416,0
74.48,0
74.528,0
74.576,0
74.639,0
74.702,0
74.766,0
74.83,0
74.893,0
74.957,0
75.02,0
75.084,0
75.148,0
75.212,0
75.276,0
75.323,0
75.387,0
75.434,0
75.482,0
75.529,0
75.561,0
75.609,0
75.658,0
75.704,0
75.735,0
75.783,0
75.831,0
75.879,0
75.927,0
75.975,0
76.022,0
76.068,0
76.1,0
76.148,0
76.196,0
76.244,0
76.291,0
76.339,0
76.386,0
76.434,0
76.48,0
76.544,0
76.608,0
76.656,0
76.703,0
76.751,0
76.815,0
76.879,0
76.926,0
76.974,0
77.037,0
77.101,0
77.165,0
77.229,0
77.292,0
77.34,0
77.388,0
77.451,0
77.515,0
77.579,0
77.643,0
77.706,0
77.769,0
77.817,0
77.88,0
77.928,0
77.959,0
78.007,0
78.039,0
78.087,0
78.135,0
78.166,0
78.214,0
78.262,0
78.294,0
78.342,0
78.39,0
78.437,0
78.485,0
78.532,0
78.564,0
78.596,0
78.644,0
78.676,0
78.724,0
78.756,0
78.804,0
78.852,0
78.9,0
78.947,0
78.979,0
79.011,0
79.043,0
79.075,0
79.123,0
79.155,0
79.203,0
79.235,0
79.283,0
79.33,0
79.378,0
79.41,0
79.442,0
79.49,0
79.538,0
79.585,0
79.633,0
79.68,0
79.728,0
79.776,0
79.823,0
79.855,0
79.887,0
79.919,0
79.951,0
79.983,0
80.03,0
80.062,0
80.11,0
80.158,0
80.19,0
80.222,0
80.27,0
80.302,0
80.35,0
80.413,0
80.477,0
80.541,0
80.605,0
80.653,0
80.701,0
80.765,0
80.827,0
80.891,0
80.939,0
80.987,0
81.05,0
81.114,0
81.177,0
81.24,0
81.304,0
81.368,0
81.416,0
81.464,0
81.528,0
81.574,0
81.638,0
81.7,0
81.748,0
81.796,0
81.828,0
81.876,0
81.923,0
81.971,0
82.003,0
82.018,0
82.05,0
82.097,0
82.144,0
82.192,0
82.224,0
82.256,0
82.287,0
82.351,0
82.399,0
82.415,0
82.463,0
82.511,0
82.559,0
82.591,0
82.639,0
82.686,0
82.734,0
82.766,0
82.782,0
82.814,0
82.862,0
82.894,0
82.926,0
82.958,0
82.99,0
83.021,0
83.053,0
83.101,0
83.117,0
83.149,0
83.197,0
83.245,0
83.276,0
83.323,0
83.371,0
83.418,0
83.482,0
83.545,0
83.607,0
83.655,0
83.703,0
83.765,0
83.828,0
83.892,0
83.956,0
84.004,0
84.052,0
84.1,0
84.132,0
84.179,0
84.226,0
84.258,0
84.29,0
84.322,0
84.354,0
84.402,0
84.45,0
84.498,0
84.529,0
84.577,0
84.625,0
84.657,0
84.689,0
84.721,0
84.769,0
84.817,0
84.849,0
84.881,0
84.912,0
84.96,0
85.008,0
85.039,0
85.07,0
85.118,0
85.15,0
85.198,0
85.245,0
85.276,0
85.324,0
85.371,0
85.419,0
85.467,0
85.515,0
85.563,0
85.611,0
85.658,0
85.706,0
85.738,0
85.786,0
85.834,0
85.881,0
85.929,0
85.993,0
86.056,0
86.12,0
86.184,0
86.232,0
86.296,0
86.36,0
86.423,0
86.471,0
86.535,0
86.583,0
86.631,0
86.695,0
86.758,0
86.805,0
86.869,0
86.933,0
86.981,0
87.029,0
87.093,0
87.141,0
87.188,0
87.252,0
87.316,0
87.379,0
87.427,0
87.475,0
87.538,0
87.586,0
87.634,0
87.682,0
87.745,0
87.792,0
87.84,0
87.888,0
87.919,0
87.951,0
87.981,0
88.029,0
88.061,0
88.108,0
88.139,0
88.171,0
88.203,0
88.235,0
88.283,0
88.331,0
88.378,0
88.426,0
88.473,0
88.505,0
88.553,0
88.585,0
88.617,0
88.665,0
88.712,0
88.76,0
88.792,0
88.84,0
88.856,0
88.888,0
88.92,0
88.968,0
89.0,0
89.047,0
89.11,0
89.172,0
89.236,0
89.284,0
89.348,0
89.411,0
89.458,0
89.52,0
89.568,0
89.616,0
89.68,0
89.743,0
89.79,0
89.822,0
89.869,0
89.917,0
89.949,0
89.98,0
90.012,0
90.059,0
90.107,0
90.155,0
90.203,0
90.234,0
90.281,0
90.329,0
90.377,0
90.409,0
90.425,0
90.472,0
90.52,0
90.568,0
90.615,0
90.663,0
90.711,0
90.759,0
90.79,0
90.838,0
90.886,0
90.933,0
90.995,0
91.059,0
91.123,0
91.187,0
91.235,0
91.297,0
91.36,0
91.424,0
91.472,0
91.52,0
91.584,0
91.648,0
91.695,0
91.758,0
91.822,0
91.885,0
91.917,0
91.949,0
91.997,0
92.045,0
92.092,0
92.139,0
92.171,0
92.219,0
92.235,0
92.267,0
92.299,0
92.346,0
92.378,0
92.425,0
92.472,0
92.504,0
92.536,0
92.568,0
92.6,0
92.632,0
92.679,0
92.727,0
92.775,0
92.807,0
92.838,0
92.884,0
92.916,0
92.964,0
93.012,0
93.076,0
93.14,0
93.203,0
93.267,0
93.331,0
93.379,0
93.442,0
93.506,0
93.57,0
93.633,0
93.696,0
93.759,0
93.823,0
93.886,0
93.948,0
94.011,0
94.059,0
94.091,0
94.123,0
94.155,0
94.187,0
94.234,0
94.266,0
94.298,0
94.345,0
94.393,0
94.424,0
94.472,0
94.52,0
94.568,0
94.616,0
94.664,0
94.711,0
94.759,0
94.807,0
94.839,0
94.886,0
94.934,0
94.966,0
95.014,0
95.062,0
95.109,0
95.141,0
95.189,0
95.221,0
95.269,0
95.301,0
95.333,0
95.381,0
95.429,0
95.476,0
95.508,0
95.556,0
95.604,0
95.635,0
95.698,0
95.76,0
95.823,0
95.871,0
95.934,0
95.997,0
96.045,0
96.093,0
96.157,0
96.204,0
96.251,0
96.314,0
96.361,0
96.409,0
96.456,0
96.504,0
96.552,0
96.583,0
96.631,0
96.679,0
96.711,0
96.742,0
96.79,0
96.837,0
96.885,0
96.932,0
96.962,0
97.01,0
97.026,0
97.074,0
97.122,0
97.17,0
97.186,0
97.233,0
97.265,0
97.298,0
97.344,0
97.408,0
97.472,0
97.536,0
97.584,0
97.648,0
97.71,0
97.773,0
97.837,0
97.901,0
97.963,0
98.027,0
98.09,0
98.152,0
98.199,0
98.246,0
98.294,0
98.342,0
98.39,0
98.437,0
98.485,0
98.517,0
98.549,0
98.597,0
98.629,0
98.677,0
98.725,0
98.757,0
98.804,0
98.851,0
98.899,0
98.945,0
98.977,0
99.024,0
99.056,0
99.088,0
99.135,0
99.198,0
99.261,0
99.308,0
99.356,0
99.419,0
99.466,0
99.529,0
99.576,0
99.64,0
99.687,0
99.735,0
99.767,0
99.814,0
99.846,0
99.894,0
99.941,0
99.973,0
100.005,0
100.053,0
100.084,0
100.114,0
100.146,0
100.194,0
100.241,0
100.289,0
100.335,0
100.383,0
100.431,0
100.478,0
100.526,0
100.574,0
100.637,0
100.7,0
100.763,0
100.827,0
100.875,0
100.939,0
101.003,0
101.051,0
101.114,0
101.177,0
101.241,0
101.305,0
101.353,0
101.417,0
101.48,0
101.543,0
101.59,0
101.652,0
101.699,0
101.746,0
101.793,0
101.841,0
101.887,0
101.935,0
101.982,0
102.028,0
102.06,0
102.107,0
102.17,0
102.232,0
102.279,0
102.343,0
102.407,0
102.471,0
102.518,0
102.581,0
102.628,0
102.676,0
102.724,0
102.756,0
102.804,0
102.836,0
102.884,0
102.916,0
102.964,0
103.011,0
103.043,0
103.074,0
103.106,0
103.153,0
103.185,0
103.233,0
103.265,0
103.313,0
103.36,0
103.392,0
103.44,0
103.488,0
103.52,0
103.569,0
103.616,0
103.648,0
103.694,0
103.723,0
103.771,0
103.819,0
103.851,0
103.915,0
103.978,0
104.042,0
104.104,0
104.167,0
104.215,0
104.279,0
104.327,0
104.391,0
104.423,0
104.486,0
104.534,0
104.582,0
104.63,0
104.678,0
104.74,0
104.804,0
104.85,0
104.866,0
104.898,0
104.946,0
104.978,0
105.01,0
105.058,0
105.106,0
105.137,0
105.185,0
105.231,0
105.278,0
105.325,0
105.373,0
105.421,0
105.468,0
105.516,0
105.564,0
105.611,0
105.659,0
105.707,0
105.755,0
105.803,0
105.835,0
105.867,0
105.915,0
105.962,0
106.01,0
106.026,0
106.074,0
106.122,0
106.154,0
106.202,0
106.234,0
106.266,0
106.314,0
106.361,0
106.424,0
106.487,0
106.535,0
106.599,0
106.647,0
106.709,0
106.773,0
106.837,0
106.885,0
106.949,0
107.013,0
107.061,0
107.124,0
107.172,0
107.236,0
107.284,0
107.348,0
107.412,0
107.458,0
107.506,0
107.569,0
107.601,0
107.649,0
107.697,0
107.745,0
107.776,0
107.823,0
107.855,0
107.903,0
107.935,0
107.967,0
108.015,0
108.063,0
108.111,0
108.159,0
108.206,0
108.238,0
108.286,0
108.334,0
108.382,0
108.43,0
108.478,0
108.51,0
108.558,0
108.589,0
108.637,0
108.685,0
108.701,0
108.748,0
108.796,0
108.827,0
108.875,0
108.923,0
108.939,0
108.969,0
109.017,0
109.049,0
109.097,0
109.145,0
109.177,0
109.209,0
109.257,0
109.304,0
109.335,0
109.383,0
109.431,0
109.479,0
109.511,0
109.543,0
109.591,0
109.655,0
109.718,0
109.766,0
109.83,0
109.892,0
109.939,0
109.987,0
110.051,0
110.114,0
110.162,0
110.21,0
110.258,0
110.322,0
110.37,0
110.434,0
110.481,0
110.546,0
110.593,0
110.657,0
110.721,0
110.785,0
110.831,0
110.878,0
110.925,0
110.973,0
111.021,0
111.069,0
111.114,0
111.146,0
111.193,0
111.241,0
111.289,0
111.337,0
111.369,0
111.401,0
111.448,0
111.496,0
111.544,0
111.591,0
111.639,0
111.671,0
111.719,0
111.767,0
111.815,0
111.863,0
111.895,0
111.943,0
111.989,0
112.037,0
112.069,0
112.117,0
112.164,0
112.228,0
112.292,0
112.339,0
112.371,0
112.435,0
112.499,0
112.547,0
112.595,0
112.643,0
112.705,0
112.769,0
112.833,0
112.897,0
112.961,0
113.025,0
113.072,0
113.119,0
113.183,0
113.215,0
113.279,0
113.343,0
113.407,0
113.454,0
113.518,0
113.582,0
113.646,0
113.678,0
113.742,0
113.806,0
113.853,0
113.917,0
113.965,0
114.029,0
114.076,0
114.124,0
114.155,0
114.201,0
114.249,0
114.297,0
114.329,0
114.377,0
114.409,0
114.441,0
114.488,0
114.536,0
114.568,0
114.615,0
114.663,0
114.695,0
114.743,0
114.791,0
114.823,0
114.855,0
114.919,0
114.951,0
114.999,0
115.046,0
115.093,0
115.125,0
115.173,0
115.204,0
115.252,0
115.3,0
115.348,0
115.395,0
115.427,0
115.474,0
115.506,0
115.568,0
115.632,0
115.696,0
115.759,0
115.823,0
115.887,0
115.951,0
115.999,0
116.063,0
116.125,0
116.188,0
116.252,0
116.316,0
116.364,0
116.427,0
116.491,0
116.537,0
116.569,0
116.601,0
116.633,0
116.681,0
116.728,0
116.745,0
116.776,0
116.824,0
116.872,0
116.919,0
116.951,0
116.983,0
117.031,0
117.079,0
117.127,0
117.175,0
117.223,0
117.27,0
117.318,0
117.366,0
117.398,0
117.446,0
117.494,0
117.542,0
117.574,0
117.621,0
117.669,0
117.701,0
117.749,0
117.781,0
117.829,0
117.876,0
117.924,0
117.956,0
118.003,0
118.051,0
118.099,0
118.147,0
118.195,0
118.226,0
118.274,0
118.322,0
118.354,0
118.401,0
118.417,0
118.465,0
118.496,0
118.528,0
118.56,0
118.608,0
118.656,0
118.703,0
118.751,0
118.814,0
118.877,0
118.941,0
118.989,0
119.037,0
119.101,0
119.148,0
119.212,0
119.26,0
119.308,0
119.341,0
119.404,0
119.468,0
119.53,0
119.594,0
119.658,0
119.722,0
119.786,0
119.85,0
119.912,0
119.976,0
120.024,0
