tijd,meetwaarde
0.026,0
0.043,0
0.054,0
0.073,0
0.088,0
0.105,0
0.12,0
0.135,0
0.153,0
0.166,0
0.186,0
0.201,0
0.218,0
0.229,0
0.25,0
0.264,0
0.28,0
0.297,0
0.314,0
0.331,0
0.344,0
0.36,0
0.377,0
0.391,0
0.409,0
0.424,0
0.438,0
0.459,0
0.471,0
0.489,0
0.504,0
0.518,0
0.539,0
0.55,0
0.567,0
0.585,0
0.603,0
0.617,0
0.637,0
0.664,0
0.683,0
0.695,0
0.711,0
0.725,0
0.743,0
0.76,0
0.774,0
0.792,0
0.804,0
0.822,0
0.837,0
0.853,0
0.868,0
0.884,0
0.9,0
0.919,0
0.934,0
0.949,0
0.964,0
0.983,0
0.998,0
1.018,0
1.028,0
1.045,0
1.063,0
1.078,0
1.094,0
1.113,0
1.127,0
1.141,0
1.16,0
1.174,0
1.192,0
1.21,0
1.263,0
1.31,0
1.373,0
1.437,0
1.5,0
1.563,0
1.627,0
1.659,0
1.722,0
1.786,0
1.849,0
1.88,0
1.928,0
1.976,0
2.008,0
2.071,0
2.102,0
2.118,0
2.15,0
2.197,0
2.245,0
2.276,0
2.324,0
2.372,0
2.42,0
2.467,0
2.514,0
2.561,0
2.608,0
2.656,0
2.703,0
2.751,0
2.799,0
2.831,0
2.879,0
2.926,0
2.973,0
3.037,0
3.1,0
3.162,0
3.209,0
3.272,0
3.335,0
3.381,0
3.429,0
3.46,0
3.492,0
3.54,0
3.587,0
3.619,0
3.651,0
3.699,0
3.73,0
3.778,0
3.81,0
3.842,0
3.891,0
3.922,0
3.969,0
4.017,0
4.065,0
4.112,0
4.16,0
4.192,0
4.239,0
4.287,0
4.319,0
4.366,0
4.413,0
4.444,0
4.491,0
4.539,0
4.571,0
4.618,0
4.666,0
4.697,0
4.745,0
4.792,0
4.839,0
4.902,0
4.948,0
4.995,0
5.058,0
5.122,0
5.186,0
5.25,0
5.312,0
5.36,0
5.408,0
5.44,0
5.471,0
5.503,0
5.535,0
5.583,0
5.631,0
5.662,0
5.693,0
5.725,0
5.773,0
5.82,0
5.868,0
5.899,0
5.931,0
5.979,0
6.011,0
6.059,0
6.091,0
6.123,0
6.154,0
6.186,0
6.218,0
6.264,0
6.296,0
6.344,0
6.392,0
6.423,0
6.47,0
6.517,0
6.579,0
6.627,0
6.691,0
6.739,0
6.803,0
6.867,0
6.915,0
6.977,0
7.041,0
7.105,0
7.152,0
7.199,0
7.247,0
7.295,0
7.342,0
7.406,0
7.47,0
7.534,0
7.598,0
7.662,0
7.709,0
7.772,0
7.836,0
7.899,0
7.947,0
7.995,0
8.027,0
8.074,0
8.121,0
8.169,0
8.2,0
8.245,0
8.276,0
8.323,0
8.37,0
8.418,0
8.449,0
8.512,0
8.575,0
8.622,0
8.686,0
8.734,0
8.798,0
8.862,0
8.91,0
8.958,0
9.02,0
9.068,0
9.132,0
9.196,0
9.244,0
9.308,0
9.353,0
9.416,0
9.464,0
9.528,0
9.56,0
9.592,0
9.624,0
9.656,0
9.704,0
9.735,0
9.767,0
9.798,0
9.846,0
9.894,0
9.926,0
9.974,0
10.006,0
10.054,0
10.102,0
10.133,0
10.18,0
10.228,0
10.275,0
10.306,0
10.353,0
10.401,0
10.432,0
10.479,0
10.527,0
10.575,0
10.62,0
10.683,0
10.731,0
10.795,0
10.859,0
10.923,0
10.971,0
11.033,0
11.08,0
11.144,0
11.192,0
11.256,0
11.32,0
11.383,0
11.431,0
11.478,0
11.541,0
11.605,0
11.668,0
11.7,0
11.748,0
11.779,0
11.811,0
11.858,0
11.906,0
11.938,0
11.985,0
12.017,0
12.049,0
12.097,0
12.144,0
12.176,0
12.192,0
12.223,0
12.27,0
12.317,0
12.365,0
12.397,0
12.428,0
12.476,0
12.521,0
12.553,0
12.616,0
12.664,0
12.712,0
12.76,0
12.807,0
12.855,0
12.917,0
12.98,0
13.044,0
13.107,0
13.155,0
13.202,0
13.25,0
13.297,0
13.361,0
13.409,0
13.457,0
13.521,0
13.569,0
13.631,0
13.677,0
13.724,0
13.772,0
13.788,0
13.835,0
13.883,0
13.915,0
13.963,0
14.011,0
14.042,0
14.09,0
14.137,0
14.185,0
14.217,0
14.265,0
14.313,0
14.361,0
14.407,0
14.455,0
14.502,0
14.55,0
14.598,0
14.646,0
14.692,0
14.74,0
14.802,0
14.865,0
14.912,0
14.976,0
15.024,0
15.072,0
15.119,0
15.182,0
15.246,0
15.294,0
15.358,0
15.42,0
15.467,0
15.499,0
15.546,0
15.578,0
15.609,0
15.641,0
15.673,0
15.719,0
15.767,0
15.814,0
15.861,0
15.892,0
15.94,0
15.988,0
16.02,0
16.051,0
16.082,0
16.114,0
16.146,0
16.194,0
16.226,0
16.273,0
16.305,0
16.353,0
16.401,0
16.433,0
16.496,0
16.544,0
16.608,0
16.671,0
16.718,0
16.766,0
16.829,0
16.892,0
16.956,0
17.003,0
17.051,0
17.114,0
17.161,0
17.208,0
17.24,0
17.256,0
17.32,0
17.367,0
17.413,0
17.459,0
17.507,0
17.554,0
17.586,0
17.634,0
17.682,0
17.729,0
17.761,0
17.809,0
17.856,0
17.887,0
17.918,0
17.981,0
18.029,0
18.092,0
18.14,0
18.202,0
18.264,0
18.312,0
18.36,0
18.424,0
18.487,0
18.535,0
18.596,0
18.644,0
18.691,0
18.737,0
18.768,0
18.815,0
18.861,0
18.909,0
18.941,0
18.988,0
19.036,0
19.068,0
19.115,0
19.162,0
19.226,0
19.274,0
19.338,0
19.4,0
19.464,0
19.511,0
19.575,0
19.638,0
19.701,0
19.764,0
19.827,0
19.891,0
19.954,0
20.018,0
20.08,0
20.128,0
20.16,0
20.192,0
20.224,0
20.256,0
20.304,0
20.351,0
20.383,0
20.431,0
20.479,0
20.509,0
20.541,0
20.589,0
20.637,0
20.668,0
20.7,0
20.747,0
20.779,0
20.827,0
20.859,0
20.907,0
20.938,0
20.986,0
21.018,0
21.049,0
21.096,0
21.128,0
21.176,0
21.224,0
21.256,0
21.304,0
21.336,0
21.384,0
21.415,0
21.463,0
21.495,0
21.527,0
21.575,0
21.607,0
21.655,0
21.701,0
21.765,0
21.828,0
21.892,0
21.939,0
21.987,0
22.051,0
22.098,0
22.161,0
22.224,0
22.272,0
22.335,0
22.383,0
22.447,0
22.51,0
22.572,0
22.635,0
22.683,0
22.731,0
22.779,0
22.827,0
22.875,0
22.922,0
22.97,0
23.002,0
23.034,0
23.066,0
23.113,0
23.161,0
23.209,0
23.241,0
23.288,0
23.336,0
23.383,0
23.415,0
23.463,0
23.51,0
23.557,0
23.589,0
23.637,0
23.684,0
23.732,0
23.764,0
23.812,0
23.86,0
23.892,0
23.924,0
23.971,0
24.018,0
24.065,0
24.112,0
24.16,0
24.224,0
24.288,0
24.35,0
24.398,0
24.445,0
24.508,0
24.572,0
24.619,0
24.667,0
24.715,0
24.747,0
24.81,0
24.874,0
24.938,0
24.986,0
25.05,0
25.113,0
25.177,0
25.239,0
25.287,0
25.334,0
25.38,0
25.428,0
25.459,0
25.507,0
25.553,0
25.585,0
25.633,0
25.68,0
25.728,0
25.76,0
25.792,0
25.84,0
25.871,0
25.918,0
25.949,0
25.98,0
26.043,0
26.107,0
26.169,0
26.232,0
26.28,0
26.311,0
26.375,0
26.438,0
26.501,0
26.549,0
26.612,0
26.66,0
26.692,0
26.756,0
26.804,0
26.852,0
26.882,0
26.929,0
26.977,0
27.025,0
27.073,0
27.12,0
27.151,0
27.199,0
27.247,0
27.279,0
27.326,0
27.357,0
27.389,0
27.436,0
27.467,0
27.515,0
27.563,0
27.595,0
27.627,0
27.675,0
27.705,0
27.753,0
27.801,0
27.849,0
27.865,0
27.913,0
27.945,0
27.993,0
28.025,0
28.072,0
28.12,0
28.167,0
28.214,0
28.278,0
28.342,0
28.39,0
28.453,0
28.516,0
28.564,0
28.612,0
28.675,0
28.737,0
28.8,0
28.832,0
28.895,0
28.943,0
28.991,0
29.039,0
29.087,0
29.135,0
29.182,0
29.229,0
29.276,0
29.323,0
29.371,0
29.419,0
29.451,0
29.499,0
29.547,0
29.594,0
29.642,0
29.673,0
29.721,0
29.752,0
29.799,0
29.831,0
29.879,0
29.911,0
29.958,0
30.005,0
30.053,0
30.101,0
30.149,0
30.181,0
30.229,0
30.26,0
30.308,0
30.356,0
30.402,0
30.465,0
30.527,0
30.59,0
30.654,0
30.718,0
30.782,0
30.83,0
30.877,0
30.94,0
30.988,0
31.036,0
31.099,0
31.147,0
31.208,0
31.24,0
31.288,0
31.32,0
31.368,0
31.415,0
31.447,0
31.495,0
31.526,0
31.573,0
31.619,0
31.665,0
31.696,0
31.728,0
31.759,0
31.823,0
31.886,0
31.934,0
31.982,0
32.029,0
32.093,0
32.157,0
32.22,0
32.283,0
32.33,0
32.378,0
32.424,0
32.487,0
32.535,0
32.599,0
32.647,0
32.695,0
32.742,0
32.773,0
32.82,0
32.852,0
32.884,0
32.916,0
32.964,0
32.996,0
33.012,0
33.059,0
33.107,0
33.155,0
33.202,0
33.25,0
33.282,0
33.33,0
33.377,0
33.409,0
33.456,0
33.488,0
33.536,0
33.581,0
33.613,0
33.66,0
33.708,0
33.756,0
33.804,0
33.852,0
33.914,0
33.945,0
34.008,0
34.072,0
34.134,0
34.182,0
34.245,0
34.292,0
34.339,0
34.403,0
34.451,0
34.48,0
34.511,0
34.543,0
34.591,0
34.639,0
34.687,0
34.735,0
34.782,0
34.83,0
34.861,0
34.893,0
34.94,0
34.988,0
35.02,0
35.068,0
35.116,0
35.148,0
35.195,0
35.241,0
35.273,0
35.305,0
35.368,0
35.431,0
35.478,0
35.541,0
35.589,0
35.651,0
35.699,0
35.745,0
35.793,0
35.857,0
35.921,0
35.969,0
36.017,0
36.064,0
36.112,0
36.175,0
36.223,0
36.255,0
36.303,0
36.335,0
36.383,0
36.429,0
36.477,0
36.508,0
36.556,0
36.588,0
36.62,0
36.652,0
36.7,0
36.748,0
36.796,0
36.843,0
36.891,0
36.939,0
36.987,0
37.035,0
37.067,0
37.115,0
37.163,0
37.195,0
37.242,0
37.29,0
37.338,0
37.368,0
37.416,0
37.463,0
37.51,0
37.557,0
37.605,0
37.652,0
37.714,0
37.775,0
37.838,0
37.902,0
37.966,0
38.014,0
38.078,0
38.141,0
38.205,0
38.253,0
38.316,0
38.38,0
38.444,0
38.508,0
38.572,0
38.636,0
38.697,0
38.729,0
38.777,0
38.824,0
38.872,0
38.904,0
38.952,0
39.0,0
39.047,0
39.095,0
39.126,0
39.158,0
39.206,0
39.253,0
39.285,0
39.333,0
39.381,0
39.429,0
39.476,0
39.507,0
39.538,0
39.586,0
39.617,0
39.665,0
39.713,0
39.744,0
39.792,0
39.839,0
39.887,0
39.919,0
39.966,0
40.014,0
40.078,0
40.125,0
40.186,0
40.249,0
40.311,0
40.358,0
40.406,0
40.454,0
40.502,0
40.533,0
40.58,0
40.612,0
40.644,0
40.691,0
40.739,0
40.787,0
40.818,0
40.85,0
40.882,0
40.928,0
40.976,0
41.024,0
41.072,0
41.104,0
41.152,0
41.199,0
41.245,0
41.277,0
41.325,0
41.373,0
41.435,0
41.498,0
41.546,0
41.593,0
41.641,0
41.689,197
41.751,7368
41.814,15635
41.862,19090
41.926,19845
41.99,19629
42.054,18678
42.118,17497
42.18,16311
42.244,13001
42.307,7336
42.355,4114
42.416,2601
42.448,1493
42.496,1108
42.528,702
42.576,511
42.623,307
42.654,163
42.685,92
42.716,50
42.747,0
42.795,0
42.843,0
42.891,0
42.923,0
42.971,0
43.002,0
43.05,0
43.098,0
43.13,0
43.178,0
43.208,0
43.255,0
43.319,0
43.366,0
43.412,0
43.475,0
43.539,0
43.587,0
43.65,0
43.713,0
43.759,0
43.807,0
43.853,0
43.901,0
43.949,0
43.965,0
44.013,0
44.061,0
44.109,0
44.156,0
44.203,0
44.235,0
44.283,0
44.314,0
44.345,0
44.377,0
44.423,0
44.455,0
44.487,0
44.518,0
44.55,0
44.597,0
44.629,0
44.677,0
44.709,0
44.771,0
44.819,0
44.867,0
44.93,0
44.994,0
45.042,0
45.073,0
45.12,0
45.168,0
45.216,0
45.278,0
45.326,0
45.389,0
45.452,0
45.515,0
45.547,0
45.578,0
45.624,0
45.656,0
45.704,0
45.752,0
45.8,0
45.832,0
45.863,0
45.911,0
45.943,0
45.99,0
46.021,0
46.053,0
46.084,0
46.115,0
46.162,0
46.21,0
46.258,0
46.306,0
46.353,0
46.414,0
46.476,0
46.524,0
46.587,0
46.651,0
46.699,0
46.762,0
46.809,0
46.856,0
46.888,0
46.92,0
46.952,0
46.984,0
47.032,0
47.048,0
47.08,0
47.112,0
47.159,0
47.207,0
47.239,0
47.285,0
47.332,0
47.364,0
47.411,0
47.459,0
47.506,0
47.553,0
47.585,0
47.617,0
47.664,0
47.695,0
47.727,0
47.79,0
47.853,0
47.914,0
47.962,0
48.01,0
48.058,0
48.12,0
48.184,0
48.248,0
48.309,0
48.34,0
48.388,0
48.436,0
48.468,0
48.498,0
48.529,0
48.561,0
48.593,0
48.639,0
48.685,0
48.733,0
48.764,0
48.812,0
48.86,0
48.891,0
48.954,0
49.017,0
49.065,0
49.128,0
49.192,0
49.255,0
49.319,0
49.382,0
49.446,0
49.493,0
49.556,0
49.619,0
49.651,0
49.699,0
49.746,0
49.793,0
49.84,0
49.871,0
49.903,0
49.95,0
49.997,0
50.029,0
50.077,0
50.125,0
50.172,0
50.203,0
50.235,0
50.251,0
50.299,0
50.347,0
50.379,0
50.427,0
50.474,0
50.521,0
50.553,0
50.583,0
50.63,0
50.693,0
50.757,0
50.805,0
50.867,0
50.931,0
50.995,0
51.059,0
51.107,0
51.155,0
51.202,0
51.266,0
51.329,0
51.377,0
51.441,0
51.489,0
51.537,0
51.601,0
51.664,0
51.711,0
51.774,0
51.822,0
51.87,0
51.916,0
51.948,0
51.996,0
52.044,0
52.075,0
52.123,0
52.17,0
52.202,0
52.25,0
52.281,0
52.329,0
52.361,0
52.393,0
52.423,0
52.471,0
52.504,0
52.55,0
52.597,0
52.629,0
52.661,0
52.709,0
52.756,0
52.803,0
52.851,0
52.899,0
52.946,0
52.993,0
53.056,0
53.12,0
53.183,0
53.247,0
53.311,0
53.375,0
53.439,0
53.487,0
53.549,0
53.596,0
53.643,0
53.706,0
53.754,0
53.786,0
53.817,0
53.863,0
53.894,0
53.924,0
53.956,0
53.988,0
54.035,0
54.083,0
54.115,0
54.163,0
54.194,0
54.225,0
54.273,0
54.32,0
54.368,0
54.416,0
54.477,0
54.523,0
54.571,0
54.633,0
54.664,0
54.71,0
54.741,0
54.757,0
54.788,0
54.836,0
54.883,0
54.93,0
54.978,0
55.025,0
55.072,0
55.104,0
55.152,0
55.2,0
55.232,0
55.28,0
55.312,0
55.344,0
55.376,0
55.408,0
55.454,0
55.5,0
55.562,0
55.626,0
55.674,0
55.737,0
55.785,0
55.848,0
55.911,0
55.974,0
56.022,0
56.07,0
56.134,0
56.181,0
56.229,0
56.277,0
56.309,0
56.357,0
56.404,0
56.436,0
56.484,0
56.532,0
56.579,0
56.627,0
56.675,0
56.707,0
56.739,0
56.755,0
56.803,0
56.851,0
56.883,0
56.915,0
56.962,0
57.01,0
57.042,0
57.09,0
57.138,0
57.169,0
57.217,0
57.249,0
57.281,0
57.328,0
57.36,0
57.408,0
57.454,0
57.501,0
57.533,0
57.581,0
57.628,0
57.66,0
57.691,0
57.737,0
57.769,0
57.817,0
57.865,0
57.913,0
57.96,0
58.008,0
58.055,0
58.103,0
58.165,0
58.228,0
58.292,0
58.34,0
58.388,0
58.435,0
58.496,0
58.561,0
58.607,0
58.655,0
58.703,0
58.734,0
58.766,0
58.814,0
58.861,0
58.893,0
58.941,0
58.973,0
59.005,0
59.052,0
59.084,0
59.116,0
59.148,0
59.179,0
59.225,0
59.273,0
59.32,0
59.352,0
59.399,0
59.446,0
59.492,0
59.555,0
59.619,0
59.682,0
59.746,0
59.793,0
59.841,0
59.905,0
59.969,0
60.032,0
60.079,0
60.142,0
60.189,0
60.253,0
60.301,0
60.349,0
60.412,0
60.46,0
60.508,0
60.538,0
60.57,0
60.617,0
60.665,0
60.713,0
60.761,0
60.793,0
60.841,0
60.888,0
60.918,0
60.966,0
60.998,0
61.046,0
61.078,0
61.11,0
61.141,0
61.189,0
61.221,0
61.269,0
61.316,0
61.346,0
61.378,0
61.425,0
61.473,0
61.521,0
61.568,0
61.631,0
61.693,0
61.756,0
61.82,0
61.852,0
61.916,0
61.964,0
62.028,0
62.091,0
62.153,0
62.216,0
62.279,0
62.326,0
62.374,0
62.421,0
62.468,0
62.515,0
62.563,0
62.611,0
62.659,0
62.691,0
62.723,0
62.755,0
62.787,0
62.835,0
62.865,0
62.912,0
62.96,0
63.008,0
63.055,0
63.103,0
63.15,0
63.197,0
63.261,0
63.325,0
63.373,0
63.435,0
63.498,0
63.561,0
63.609,0
63.672,0
63.72,0
63.783,0
63.847,0
63.895,0
63.943,0
63.991,0
64.055,0
64.118,0
64.165,0
64.226,0
64.274,0
64.322,0
64.37,0
64.402,0
64.449,0
64.497,0
64.527,0
64.575,0
64.623,0
64.655,0
64.687,0
64.719,0
64.767,0
64.799,0
64.831,0
64.863,0
64.894,0
64.926,0
64.958,0
64.974,0
65.022,0
65.054,0
65.102,0
65.149,0
65.181,0
65.228,0
65.26,0
65.291,0
65.339,0
65.371,0
65.418,0
65.45,0
65.497,0
65.529,0
65.577,0
65.639,0
65.702,0
65.75,0
65.814,0
65.862,0
65.926,0
65.974,0
66.036,0
66.084,0
66.132,0
66.196,0
66.243,0
66.307,0
66.369,0
66.432,0
66.496,0
66.56,0
66.624,0
66.672,0
66.72,0
66.782,0
66.83,0
66.878,0
66.926,0
66.989,0
67.037,0
67.069,0
67.117,0
67.164,0
67.212,0
67.244,0
67.292,0
67.324,0
67.372,0
67.42,0
67.468,0
67.499,0
67.546,0
67.577,0
67.625,0
67.672,0
67.72,0
67.751,0
67.783,0
67.815,0
67.847,0
67.895,0
67.943,0
67.975,0
68.007,0
68.055,0
68.087,0
68.118,0
68.165,0
68.196,0
68.244,0
68.291,0
68.323,0
68.371,0
68.418,0
68.48,0
68.543,0
68.606,0
68.67,0
68.718,0
68.782,0
68.846,0
68.893,0
68.94,0
68.988,0
69.052,0
69.1,0
69.148,0
69.212,0
69.259,0
69.323,0
69.387,0
69.451,0
69.515,0
69.563,0
69.626,0
69.672,0
69.719,0
69.75,0
69.782,0
69.83,0
69.846,0
69.894,0
69.942,0
69.989,0
70.021,0
70.069,0
70.101,0
70.149,0
70.197,0
70.245,0
70.292,0
70.339,0
70.386,0
70.418,0
70.45,0
70.498,0
70.545,0
70.592,0
70.624,0
70.672,0
70.72,0
70.767,0
70.798,0
70.846,0
70.893,0
70.941,0
70.988,0
71.036,0
71.1,0
71.131,0
71.195,0
71.257,0
71.321,0
71.368,0
71.416,0
71.478,0
71.541,0
71.604,0
71.651,0
71.683,0
71.731,0
71.779,0
71.811,0
71.859,0
71.906,0
71.954,0
72.002,0
72.034,0
72.082,0
72.114,0
72.146,0
72.193,0
72.225,0
72.271,0
72.303,0
72.335,0
72.367,0
72.415,0
72.447,0
72.495,0
72.527,0
72.575,0
72.607,0
72.638,0
72.686,0
72.718,0
72.75,0
72.766,0
72.798,0
72.846,0
72.894,0
72.926,0
72.958,0
72.99,0
73.021,0
73.069,0
73.116,0
73.163,0
73.211,0
73.258,0
73.306,0
73.354,0
73.385,0
73.433,0
73.48,0
73.512,0
73.56,0
73.607,0
73.655,0
73.717,0
73.749,0
73.813,0
73.877,0
73.924,0
73.988,0
74.036,0
74.099,0
74.163,0
74.226,0
74.274,0
74.338,0
74.401,0
74.447,0
74.495,0
74.559,0
74.622,0
74.686,0
74.734,0
74.797,0
74.829,0
74.861,0
74.893,0
74.957,0
74.988,0
75.036,0
75.084,0
75.116,0
75.148,0
75.179,0
75.21,0
75.258,0
75.306,0
75.353,0
75.401,0
75.433,0
75.465,0
75.513,0
75.544,0
75.592,0
75.624,0
75.672,0
75.72,0
75.752,0
75.783,0
75.831,0
75.863,0
75.895,0
75.927,0
75.974,0
76.006,0
76.038,0
76.07,0
76.118,0
76.15,0
76.198,0
76.245,0
76.277,0
76.308,0
76.34,0
76.371,0
76.419,0
76.467,0
76.515,0
76.547,0
76.595,0
76.627,0
76.674,0
76.706,0
76.753,0
76.799,0
76.847,0
76.895,0
76.943,0
76.991,0
77.039,0
77.087,0
77.15,0
77.214,0
77.262,0
77.31,0
77.358,0
77.405,0
77.454,0
77.516,0
77.58,0
77.627,0
77.69,0
77.737,0
77.8,0
77.832,0
77.879,0
77.943,0
78.006,0
78.038,0
78.086,0
78.118,0
78.166,0
78.198,0
78.245,0
78.277,0
78.309,0
78.34,0
78.388,0
78.435,0
78.483,0
78.531,0
78.579,0
78.625,0
78.657,0
78.689,0
78.705,0
78.752,0
78.8,0
78.848,0
78.88,0
78.912,0
78.96,0
78.991,0
79.039,0
79.087,0
79.119,0
79.167,0
79.199,0
79.247,0
79.279,0
79.31,0
79.354,0
79.417,0
79.464,0
79.528,0
79.576,0
79.64,0
79.704,0
79.768,0
79.83,0
79.878,0
79.942,0
79.99,0
80.038,0
80.102,0
80.166,0
80.229,0
80.293,0
80.357,0
80.421,0
80.469,0
80.517,0
80.58,0
80.643,0
80.691,0
80.739,0
80.786,0
80.834,0
80.898,0
80.961,0
81.009,0
81.057,0
81.105,0
81.168,0
81.2,0
81.248,0
81.28,0
81.327,0
81.373,0
81.405,0
81.453,0
81.501,0
81.533,0
81.58,0
81.628,0
81.66,0
81.707,0
81.755,0
81.802,0
81.85,0
81.882,0
81.93,0
81.978,0
82.026,0
82.057,0
82.104,0
82.136,0
82.184,0
82.2,0
82.216,0
82.264,0
82.312,0
82.343,0
82.375,0
82.407,0
82.454,0
82.502,0
82.55,0
82.582,0
82.63,0
82.678,0
82.71,0
82.758,0
82.79,0
82.837,0
82.853,0
82.885,0
82.933,0
82.981,0
83.029,0
83.06,0
83.092,0
83.14,0
83.187,0
83.235,0
83.283,0
83.315,0
83.362,0
83.41,0
83.473,0
83.521,0
83.584,0
83.648,0
83.68,0
83.744,0
83.808,0
83.872,0
83.919,0
83.951,0
84.014,0
84.061,0
84.125,0
84.173,0
84.236,0
84.299,0
84.331,0
84.395,0
84.459,0
84.523,0
84.587,0
84.65,0
84.68,0
84.711,0
84.741,0
84.772,0
84.804,0
84.836,0
84.884,0
84.916,0
84.948,0
84.995,0
85.042,0
85.09,0
85.138,0
85.186,0
85.218,0
85.266,0
85.297,0
85.345,0
85.393,0
85.424,0
85.456,0
85.487,0
85.519,0
85.567,0
85.615,0
85.662,0
85.694,0
85.726,0
85.758,0
85.79,0
85.837,0
85.9,0
85.964,0
86.012,0
86.06,0
86.124,0
86.188,0
86.236,0
86.283,0
86.331,0
86.394,0
86.458,0
86.505,0
86.569,0
86.633,0
86.681,0
86.745,0
86.808,0
86.856,0
86.888,0
86.952,0
87.016,0
87.08,0
87.143,0
87.206,0
87.269,0
87.317,0
87.365,0
87.412,0
87.46,0
87.524,0
87.571,0
87.619,0
87.683,0
87.73,0
87.776,0
87.807,0
87.855,0
87.903,0
87.949,0
87.98,0
88.027,0
88.059,0
88.091,0
88.139,0
88.187,0
88.235,0
88.283,0
88.298,0
88.346,0
88.394,0
88.442,0
88.489,0
88.536,0
88.583,0
88.647,0
88.695,0
88.759,0
88.823,0
88.886,0
88.933,0
88.995,0
89.059,0
89.122,0
89.17,0
89.234,0
89.28,0
89.328,0
89.376,0
89.423,0
89.471,0
89.535,0
89.58,0
89.628,0
89.66,0
89.691,0
89.707,0
89.739,0
89.771,0
89.803,0
89.835,0
89.85,0
89.898,0
89.945,0
89.977,0
90.009,0
90.025,0
90.057,0
90.104,0
90.152,0
90.183,0
90.214,0
90.246,0
90.294,0
90.342,0
90.39,0
90.437,0
90.485,0
90.532,0
90.564,0
90.626,0
90.69,0
90.738,0
90.802,0
90.85,0
90.914,0
90.977,0
91.025,0
91.088,0
91.151,0
91.199,0
91.247,0
91.294,0
91.326,0
91.374,0
91.421,0
91.483,0
91.531,0
91.578,0
91.641,0
91.689,0
91.721,0
91.768,0
91.799,0
91.846,0
91.894,0
91.926,0
91.974,0
92.022,0
92.07,0
92.102,0
92.15,0
92.196,0
92.244,0
92.292,0
92.324,0
92.372,0
92.419,0
92.466,0
92.514,0
92.562,0
92.593,0
92.64,0
92.671,0
92.702,0
92.75,0
92.814,0
92.878,0
92.942,0
93.004,0
93.068,0
93.116,0
93.18,0
93.244,0
93.308,0
93.355,0
93.419,0
93.467,0
93.531,0
93.595,0
93.643,0
93.706,0
93.769,0
93.833,0
93.881,0
93.945,0
94.009,0
94.073,0
94.135,0
94.183,0
94.247,0
94.279,0
94.343,0
94.407,0
94.455,0
94.502,0
94.55,0
94.613,0
94.661,0
94.725,0
94.789,0
94.836,0
94.899,0
94.963,0
95.025,0
95.073,0
95.104,0
95.136,0
95.183,0
95.231,0
95.278,0
95.309,0
95.341,0
95.373,0
95.404,0
95.436,0
95.484,0
95.532,0
95.579,0
95.627,0
95.674,0
95.69,0
95.722,0
95.753,0
95.784,0
95.848,0
95.896,0
95.944,0
96.008,0
96.071,0
96.133,0
96.196,0
96.244,0
96.291,0
96.339,0
96.402,0
96.448,0
96.512,0
96.56,0
96.607,0
96.653,0
96.685,0
96.733,0
96.765,0
96.797,0
96.828,0
96.86,0
96.892,0
96.924,0
96.956,0
96.988,0
97.034,0
97.082,0
97.129,0
97.161,0
97.209,0
97.24,0
97.288,0
97.32,0
97.352,0
97.384,0
97.416,0
97.448,0
97.495,0
97.527,0
97.574,0
97.605,0
97.652,0
97.7,0
97.731,0
97.795,0
97.859,0
97.921,0
97.984,0
98.048,0
98.111,0
98.158,0
98.22,0
98.268,0
98.315,0
98.363,0
98.411,0
98.443,0
98.49,0
98.537,0
98.584,0
98.631,0
98.663,0
98.711,0
98.743,0
98.79,0
98.837,0
98.885,0
98.933,0
98.949,0
98.98,0
99.027,0
99.074,0
99.12,0
99.183,0
99.23,0
99.294,0
99.358,0
99.406,0
99.47,0
99.518,0
99.58,0
99.627,0
99.69,0
99.754,0
99.818,0
99.866,0
99.914,0
99.977,0
100.041,0
100.073,0
100.137,0
100.201,0
100.265,0
100.313,0
100.36,0
100.424,0
100.488,0
100.552,0
100.599,0
100.662,0
100.694,0
100.724,0
100.756,0
100.788,0
100.836,0
100.867,0
100.915,0
100.963,0
100.995,0
101.043,0
101.089,0
101.12,0
101.152,0
101.216,0
101.248,0
101.296,0
101.328,0
101.376,0
101.407,0
101.439,0
101.47,0
101.502,0
101.55,0
101.582,0
101.629,0
101.676,0
101.724,0
101.756,0
101.788,0
101.82,0
101.867,0
101.899,0
101.931,0
101.979,0
102.011,0
102.043,0
102.075,0
102.123,0
102.155,0
102.187,0
102.249,0
102.312,0
102.36,0
102.424,0
102.488,0
102.536,0
102.599,0
102.647,0
102.695,0
102.742,0
102.806,0
102.853,0
102.917,0
102.979,0
103.043,0
103.091,0
103.138,0
103.201,0
103.232,0
103.264,0
103.312,0
103.36,0
103.391,0
103.422,0
103.469,0
103.501,0
103.548,0
103.58,0
103.628,0
103.675,0
103.723,0
103.755,0
103.786,0
103.817,0
103.865,0
103.912,0
103.944,0
103.976,0
104.024,0
104.072,0
104.104,0
104.136,0
104.168,0
104.215,0
104.247,0
104.293,0
104.357,0
104.421,0
104.468,0
104.516,0
104.564,0
104.627,0
104.675,0
104.723,0
104.771,0
104.819,0
104.883,0
104.931,0
104.977,0
105.025,0
105.072,0
105.12,0
105.168,0
105.231,0
105.294,0
105.357,0
105.421,0
105.484,0
105.516,0
105.548,0
105.596,0
105.628,0
105.675,0
105.722,0
105.77,0
105.802,0
105.834,0
105.866,0
105.898,0
105.914,0
105.945,0
105.977,0
106.009,0
106.041,0
106.073,0
106.104,0
106.136,0
106.168,0
106.2,0
106.247,0
106.279,0
106.311,0
106.359,0
106.407,0
106.455,0
106.486,0
106.518,0
106.566,0
106.614,0
106.662,0
106.693,0
106.741,0
106.788,0
106.836,0
106.884,0
106.916,0
106.948,0
106.98,0
107.011,0
107.059,0
107.091,0
107.123,0
107.171,0
107.202,0
107.25,0
107.296,0
107.328,0
107.376,0
107.424,0
107.487,0
107.519,0
107.582,0
107.645,0
107.708,0
107.771,0
107.835,0
107.897,0
107.961,0
108.025,0
108.073,0
108.121,0
108.169,0
108.216,0
108.264,0
108.326,0
108.374,0
108.406,0
108.453,0
108.485,0
108.533,0
108.581,0
108.628,0
108.676,0
108.724,0
108.771,0
108.803,0
108.851,0
108.898,0
108.93,0
108.946,0
108.977,0
109.009,0
109.041,0
109.089,0
109.137,0
109.185,0
109.217,0
109.265,0
109.313,0
109.344,0
109.392,0
109.438,0
109.485,0
109.533,0
109.581,0
109.629,0
109.677,0
109.724,0
109.772,0
109.804,0
109.835,0
109.867,0
109.915,0
109.947,0
109.995,0
110.043,0
110.09,0
110.138,0
110.185,0
110.217,0
110.264,0
110.328,0
110.391,0
110.454,0
110.518,0
110.58,0
110.644,0
110.708,0
110.772,0
110.836,0
110.883,0
110.946,0
111.009,0
111.073,0
111.121,0
111.169,0
111.216,0
111.247,0
111.278,0
111.325,0
111.357,0
111.405,0
111.437,0
111.485,0
111.517,0
111.564,0
111.612,0
111.66,0
111.706,0
111.738,0
111.786,0
111.834,0
111.882,0
111.914,0
111.962,0
111.994,0
112.026,0
112.073,0
112.105,0
112.153,0
112.185,0
112.233,0
112.265,0
112.312,0
112.36,0
112.408,0
112.439,0
112.487,0
112.519,0
112.567,0
112.598,0
112.63,0
112.662,0
112.71,0
112.758,0
112.806,0
112.837,0
112.869,0
112.917,0
112.965,0
112.997,0
113.045,0
113.093,0
113.125,0
113.171,0
113.234,0
113.298,0
113.362,0
113.426,0
113.49,0
113.554,0
113.601,0
113.665,0
113.712,0
113.76,0
113.808,0
113.857,0
113.888,0
113.936,0
113.999,0
114.047,0
114.111,0
114.158,0
114.221,0
114.284,0
114.349,0
114.41,0
114.459,0
114.521,0
114.569,0
114.619,0
114.681,0
114.744,0
114.791,0
114.839,0
114.887,0
114.919,0
114.968,0
115.014,0
115.046,0
115.078,0
115.109,0
115.141,0
115.189,0
115.236,0
115.284,0
115.332,0
115.364,0
115.412,0
115.445,0
115.49,0
115.521,0
115.569,0
115.617,0
115.665,0
115.713,0
115.73,0
115.777,0
115.824,0
115.871,0
115.919,0
115.966,0
115.998,0
116.03,0
116.077,0
116.141,0
116.204,0
116.268,0
116.331,0
116.395,0
116.458,0
116.522,0
116.569,0
116.631,0
116.695,0
116.758,0
116.805,0
116.869,0
116.933,0
116.995,0
117.043,0
117.075,0
117.107,0
117.139,0
117.186,0
117.218,0
117.25,0
117.298,0
117.328,0
117.376,0
117.424,0
117.472,0
117.504,0
117.552,0
117.6,0
117.648,0
117.695,0
117.742,0
117.789,0
117.837,0
117.885,0
117.933,0
117.965,0
118.013,0
118.045,0
118.091,0
118.139,0
118.171,0
118.219,0
118.251,0
118.298,0
118.345,0
118.392,0
118.455,0
118.503,0
118.567,0
118.631,0
118.696,0
118.758,0
118.821,0
118.885,0
118.948,0
119.011,0
119.075,0
119.139,0
119.187,0
119.25,0
119.314,0
119.361,0
119.425,0
119.489,0
119.553,0
119.616,0
119.663,0
119.727,0
119.79,0
119.836,0
119.883,0
119.931,0
119.978,0
120.026,0
120.074,0
120.121,0
120.169,0
120.216,0
120.262,0
120.31,0
120.341,0
120.388,0
120.436,0
120.484,0
120.516,0
120.564,0
120.612,0
120.644,0
120.691,0
120.753,0
120.817,0
120.881,0
120.913,0
120.977,0
121.04,0
121.103,0
121.151,0
121.199,0
121.247,0
121.309,0
121.357,0
121.42,0
121.483,0
121.531,0
121.595,0
121.659,0
121.723,0
121.786,0
121.848,0
121.88,0
121.912,0
121.96,0
121.992,0
122.04,0
122.088,0
122.136,0
122.184,0
122.23,0
122.278,0
122.31,0
122.358,0
122.406,0
122.454,0
122.485,0
122.517,0
122.549,0
122.596,0
122.644,0
122.692,0
122.74,0
122.788,0
122.836,0
122.883,0
122.931,0
122.977,0
123.009,0
123.057,0
123.104,0
123.152,0
123.183,0
123.231,0
123.279,0
123.326,0
123.374,0
123.422,0
123.47,0
123.502,0
123.533,0
123.58,0
123.644,0
123.707,0
123.77,0
123.834,0
123.898,0
123.962,0
124.026,0
124.088,0
124.151,0
124.214,0
124.278,0
124.341,0
124.405,0
124.468,0
124.532,0
124.594,0
124.641,0
124.689,0
124.721,0
124.769,0
124.816,0
124.864,0
124.896,0
124.944,0
124.992,0
125.04,0
125.088,0
125.136,0
125.183,0
125.23,0
125.278,0
125.325,0
125.373,0
125.42,0
125.452,0
125.499,0
125.547,0
125.593,0
125.625,0
125.673,0
125.705,0
125.737,0
125.784,0
125.848,0
125.912,0
125.943,0
126.007,0
126.055,0
126.118,0
126.165,0
126.213,0
126.277,0
126.339,0
126.386,0
126.434,0
126.497,0
126.561,0
126.624,0
126.686,0
126.734,0
126.765,0
126.796,0
126.844,0
126.892,0
126.939,0
126.986,0
127.018,0
127.065,0
127.096,0
127.128,0
127.16,0
127.192,0
127.224,0
127.271,0
127.319,0
127.367,0
127.399,0
127.446,0
127.478,0
127.509,0
127.556,0
127.62,0
127.683,0
127.747,0
127.81,0
127.874,0
127.938,0
128.002,0
128.066,0
128.13,0
128.162,0
128.225,0
128.288,0
128.336,0
128.4,0
128.448,0
128.512,0
128.575,0
128.639,0
128.686,0
128.749,0
128.813,0
128.877,0
128.939,0
129.003,0
129.067,0
129.131,0
129.195,0
129.242,0
129.274,0
129.321,0
129.367,0
129.415,0
129.447,0
129.495,0
129.543,0
129.591,0
129.639,0
129.686,0
129.734,0
129.782,0
129.83,0
129.878,0
129.926,0
129.974,0
130.021,0
130.083,0
130.13,0
130.178,0
130.226,0
130.273,0
130.32,0
130.368,0
130.414,0
130.477,0
130.54,0
130.603,0
130.666,0
130.714,0
130.762,0
130.808,0
130.872,0
130.935,0
130.983,0
131.047,0
131.095,0
131.141,0
131.172,0
131.204,0
131.252,0
131.3,0
131.347,0
131.395,0
131.443,0
131.473,0
131.52,0
131.567,0
131.599,0
131.646,0
131.694,0
131.742,0
131.79,0
131.822,0
131.854,0
131.902,0
131.933,0
131.98,0
132.028,0
132.075,0
132.122,0
132.185,0
132.233,0
132.296,0
132.358,0
132.422,0
132.486,0
132.534,0
132.598,0
132.66,0
132.707,0
132.755,0
132.819,0
132.883,0
132.931,0
132.978,0
133.009,0
133.056,0
133.088,0
133.136,0
133.184,0
133.216,0
133.248,0
133.296,0
133.344,0
133.392,0
133.439,0
133.471,0
133.503,0
133.534,0
133.582,0
133.614,0
133.646,0
133.693,0
133.74,0
133.787,0
133.835,0
133.883,0
133.915,0
133.963,0
134.011,0
134.057,0
134.105,0
134.137,0
134.168,0
134.216,0
134.262,0
134.31,0
134.377,0
134.437,0
134.501,0
134.563,0
134.626,0
134.674,0
134.722,0
134.785,0
134.834,0
134.88,0
134.926,0
134.989,0
135.053,0
135.117,0
135.165,0
135.197,0
135.244,0
135.291,0
135.323,0
135.354,0
135.386,0
135.434,0
135.481,0
135.528,0
135.576,0
135.624,0
135.67,0
135.718,0
135.766,0
135.813,0
135.86,0
135.907,0
135.939,0
135.987,0
136.019,0
136.065,0
136.112,0
136.16,0
136.223,0
136.287,0
136.334,0
136.397,0
136.444,0
136.506,0
136.554,0
136.617,0
136.665,0
136.713,0
136.76,0
136.807,0
136.839,0
136.887,0
136.918,0
136.965,0
136.997,0
137.044,0
137.091,0
137.123,0
137.154,0
137.201,0
137.249,0
137.296,0
137.328,0
137.36,0
137.407,0
137.471,0
137.533,0
137.596,0
137.659,0
137.723,0
137.771,0
137.835,0
137.898,0
137.946,0
137.994,0
138.058,0
138.122,0
138.184,0
138.247,0
138.294,0
138.358,0
138.405,0
138.453,0
138.501,0
138.533,0
138.58,0
138.628,0
138.675,0
138.723,0
138.771,0
138.819,0
138.867,0
138.915,0
138.947,0
138.994,0
139.025,0
139.072,0
139.12,0
139.168,0
139.216,0
139.263,0
139.311,0
139.359,0
139.39,0
139.435,0
139.483,0
139.515,0
139.563,0
139.626,0
139.688,0
139.736,0
139.798,0
139.845,0
139.909,0
139.973,0
140.037,0
140.101,0
140.164,0
140.212,0
140.276,0
140.339,0
140.403,0
140.451,0
140.513,0
140.577,0
140.609,0
140.673,0
140.721,0
140.769,0
140.801,0
140.849,0
140.895,0
140.927,0
140.975,0
141.007,0
141.039,0
141.087,0
141.135,0
141.183,0
141.231,0
141.277,0
141.309,0
141.357,0
141.388,0
141.435,0
141.482,0
141.53,0
141.578,0
141.626,0
141.673,0
141.72,0
141.768,0
141.816,0
141.863,0
141.911,0
141.958,0
142.021,0
142.085,0
142.149,0
142.197,0
142.244,0
142.308,0
142.372,0
142.418,0
142.482,0
142.543,0
142.591,0
142.655,0
142.717,0
142.763,0
142.794,0
142.841,0
142.888,0
142.936,0
142.984,0
143.031,0
143.079,0
143.127,0
143.173,0
143.221,0
143.269,0
143.301,0
143.349,0
143.397,0
143.444,0
143.49,0
143.552,0
143.615,0
143.663,0
143.726,0
143.774,0
143.838,0
143.9,0
143.948,0
144.012,0
144.076,0
144.14,0
144.204,0
144.267,0
144.315,0
144.379,0
144.443,0
144.506,0
144.554,0
144.618,0
144.68,0
144.728,0
144.76,0
144.807,0
144.855,0
144.902,0
144.95,0
144.998,0
145.045,0
145.093,0
145.141,0
145.189,0
145.221,0
145.268,0
145.316,0
145.364,0
145.411,0
145.458,0
145.506,0
145.554,0
145.601,0
145.633,0
145.665,0
145.713,0
145.759,0
145.807,0
145.854,0
145.902,0
145.95,0
145.997,0
146.061,0
146.126,0
146.188,0
146.251,0
146.299,0
146.361,0
146.424,0
146.472,0
146.519,0
146.582,0
146.646,0
146.71,0
146.758,0
146.806,0
146.868,0
146.915,0
146.963,0
147.011,0
147.043,0
147.091,0
147.139,0
147.187,0
147.219,0
147.25,0
147.296,0
147.344,0
147.392,0
147.424,0
147.472,0
147.518,0
147.566,0
147.613,0
147.66,0
147.692,0
147.724,0
147.772,0
147.82,0
147.868,0
147.9,0
147.948,0
147.98,0
148.025,0
148.057,0
148.105,0
148.152,0
148.216,0
148.28,0
148.344,0
148.407,0
148.455,0
148.502,0
148.566,0
148.63,0
148.694,0
148.741,0
148.787,0
148.851,0
148.915,0
148.979,0
149.041,0
149.103,0
149.133,0
149.18,0
149.228,0
149.276,0
149.324,0
149.371,0
149.419,0
149.467,0
149.498,0
149.546,0
149.578,0
149.61,0
149.658,0
149.722,0
149.769,0
149.801,0
149.849,0
149.879,0
149.927,0
149.975,0
150.007,0
150.055,0
150.103,0
150.151,0
150.199,0
150.246,0
150.294,0
150.34,0
150.388,0
150.436,0
150.484,0
150.531,0
150.579,0
150.642,0
150.706,0
150.77,0
150.817,0
150.88,0
150.942,0
151.005,0
151.068,0
151.116,0
151.164,0
151.212,0
151.273,0
151.305,0
151.353,0
151.4,0
151.446,0
151.494,0
151.525,0
151.572,0
151.604,0
151.652,0
151.684,0
151.716,0
151.747,0
151.795,0
151.827,0
151.875,0
151.907,0
151.939,0
151.971,0
152.019,0
152.065,0
152.112,0
152.159,0
152.207,0
152.27,0
152.331,0
152.395,0
152.459,0
152.506,0
152.57,0
152.634,0
152.698,0
152.762,0
152.826,0
152.889,0
152.953,0
153.017,0
153.065,0
153.128,0
153.192,0
153.254,0
153.316,0
153.348,0
153.38,0
153.412,0
153.46,0
153.492,0
153.524,0
153.572,0
153.604,0
153.651,0
153.683,0
153.731,0
153.779,0
153.827,0
153.874,0
153.905,0
153.937,0
153.969,0
154.016,0
154.064,0
154.112,0
154.16,0
154.192,0
154.239,0
154.271,0
154.318,0
154.365,0
154.412,0
154.46,0
154.492,0
154.539,0
154.586,0
154.65,0
154.682,0
154.744,0
154.808,0
154.855,0
154.918,0
154.981,0
155.028,0
155.092,0
155.139,0
155.202,0
155.25,0
155.298,0
155.346,0
155.394,0
155.426,0
155.473,0
155.519,0
155.551,0
155.599,0
155.631,0
155.663,0
155.711,0
155.758,0
155.806,0
155.853,0
155.901,0
155.933,0
155.98,0
156.011,0
156.059,0
156.107,0
156.156,0
156.203,0
156.25,0
156.282,0
156.329,0
156.377,0
156.409,0
156.457,0
156.487,0
156.535,0
156.583,0
156.646,0
156.71,0
156.773,0
156.837,0
156.885,0
156.948,0
157.011,0
157.075,0
157.122,0
157.185,0
157.248,0
157.311,0
157.357,0
157.405,0
157.437,0
157.485,0
157.533,0
157.581,0
157.613,0
157.645,0
157.693,0
157.74,0
157.772,0
157.82,0
157.868,0
157.916,0
157.963,0
157.995,0
158.027,0
158.075,0
158.106,0
158.154,0
158.202,0
158.25,0
158.297,0
158.344,0
158.392,0
158.44,0
158.487,0
158.518,0
158.566,0
158.598,0
158.646,0
158.694,0
158.742,0
158.773,0
158.821,0
158.868,0
158.916,0
158.978,0
159.026,0
159.074,0
159.106,0
159.138,0
159.186,0
159.233,0
159.264,0
159.311,0
159.358,0
159.422,0
159.486,0
159.55,0
159.597,0
159.661,0
159.725,0
159.788,0
159.852,0
159.916,0
159.978,0
160.026,0
160.074,0
160.122,0
160.185,0
160.248,0
160.311,0
160.357,0
160.405,0
160.437,0
160.485,0
160.532,0
160.579,0
160.627,0
160.659,0
160.707,0
160.754,0
160.802,0
160.85,0
160.898,0
160.93,0
160.978,0
161.025,0
161.072,0
161.119,0
161.167,0
161.215,0
161.263,0
161.311,0
161.343,0
161.39,0
161.421,0
161.468,0
161.531,0
161.579,0
161.643,0
161.691,0
161.738,0
161.801,0
161.848,0
161.912,0
161.96,0
162.023,0
162.071,0
162.119,0
162.167,0
162.229,0
162.293,0
162.341,0
162.403,0
162.467,0
162.515,0
162.578,0
162.625,0
162.673,0
162.737,0
162.785,0
162.832,0
162.88,0
162.928,0
162.959,0
163.007,0
163.055,0
163.103,0
163.15,0
163.182,0
163.229,0
163.275,0
163.322,0
163.368,0
163.416,0
163.464,0
163.512,0
163.575,0
163.639,0
163.688,0
163.748,0
163.795,0
163.858,0
163.922,0
163.986,0
164.05,0
164.112,0
164.175,0
164.223,0
164.286,0
164.333,0
164.38,0
164.444,0
164.491,0
164.522,0
164.57,0
164.62,0
164.666,0
164.698,0
164.745,0
164.775,0
164.823,0
164.87,0
164.918,0
164.949,0
164.997,0
165.045,0
165.093,0
165.14,0
165.172,0
165.235,0
165.299,0
165.347,0
165.411,0
165.474,0
165.522,0
165.584,0
165.632,0
165.696,0
165.76,0
165.824,0
165.889,0
165.951,0
165.999,0
166.063,0
166.127,0
166.19,0
166.238,0
166.302,0
166.365,0
166.428,0
166.491,0
166.538,0
166.586,0
166.65,0
166.713,0
166.778,0
166.841,0
166.889,0
166.921,0
166.985,0
167.033,0
167.08,0
167.144,0
167.208,0
167.258,0
167.304,0
167.336,0
167.384,0
167.446,0
167.494,0
167.529,0
167.59,0
167.638,0
167.685,0
167.733,0
167.765,0
167.813,0
167.86,0
167.876,0
167.924,0
167.972,0
168.006,0
168.052,0
168.099,0
168.147,0
168.179,0
168.21,0
168.242,0
168.29,0
168.338,0
168.386,0
168.434,0
168.465,0
168.514,0
168.562,0
168.607,0
168.655,0
168.703,0
168.735,0
168.782,0
168.813,0
168.892,0
168.924,0
168.971,0
169.035,0
169.083,0
169.147,0
169.211,0
169.275,0
169.338,0
169.401,0
169.464,0
169.528,0
169.592,0
169.656,0
169.719,0
169.766,0
169.83,0
169.894,0
169.958,0
170.022,0
170.085,0
170.149,0
170.212,0
170.26,0
170.324,0
170.388,0
170.451,0
170.515,0
170.579,0
170.643,0
170.707,0
170.771,0
170.818,0
170.865,0
170.896,0
170.96,0
171.008,0
171.056,0
171.104,0
171.152,0
171.184,0
171.215,0
171.263,0
171.31,0
171.358,0
171.406,0
171.469,0
171.501,0
171.533,0
171.58,0
171.628,0
171.676,0
171.724,0
171.755,0
171.788,0
171.819,0
171.851,0
171.899,0
171.931,0
171.978,0
172.026,0
172.057,0
172.105,0
172.137,0
172.185,0
172.217,0
172.266,0
172.312,0
172.361,0
172.408,0
172.44,0
172.488,0
172.536,0
172.585,0
172.631,0
172.679,0
172.728,0
172.773,0
172.805,0
172.853,0
172.9,0
172.935,0
172.98,0
173.028,0
173.059,0
173.107,0
173.17,0
173.219,0
173.281,0
173.345,0
173.393,0
173.455,0
173.519,0
173.581,0
173.629,0
173.691,0
173.739,0
173.787,0
173.833,0
173.88,0
173.928,0
173.975,0
174.024,0
174.055,0
174.103,0
174.151,0
174.198,0
174.246,0
174.294,0
174.342,0
174.39,0
174.437,0
174.484,0
174.516,0
174.548,0
174.594,0
174.642,0
174.691,0
174.722,0
174.77,0
174.801,0
174.85,0
174.897,0
174.928,0
174.976,0
175.024,0
175.072,0
175.12,0
175.168,0
175.2,0
175.248,0
175.295,0
175.341,0
175.405,0
175.469,0
175.533,0
175.597,0
175.646,0
175.708,0
175.756,0
175.788,0
175.851,0
175.914,0
175.962,0
176.026,0
176.089,0
176.153,0
176.217,0
176.281,0
176.345,0
176.393,0
176.454,0
176.503,0
176.55,0
176.598,0
176.662,0
176.711,0
176.758,0
176.821,0
176.886,0
176.949,0
177.013,0
177.077,0
177.143,0
177.204,0
177.252,0
177.316,0
177.364,0
177.426,0
177.443,0
177.507,0
177.57,0
177.618,0
177.664,0
177.696,0
177.76,0
177.808,0
177.839,0
177.886,0
177.933,0
177.965,0
178.012,0
178.06,0
178.108,0
178.14,0
178.188,0
178.236,0
178.284,0
178.331,0
178.379,0
178.426,0
178.49,0
178.538,0
178.586,0
178.634,0
178.68,0
178.728,0
178.775,0
178.823,0
178.871,0
178.919,0
178.967,0
179.015,0
179.062,0
179.11,0
179.142,0
179.19,0
179.238,0
179.286,0
179.335,0
179.382,0
179.414,0
179.477,0
179.525,0
179.589,0
179.653,0
179.701,0
179.751,0
179.812,0
179.86,0
179.908,0
179.956,0
180.02,0
