tijd,meetwaarde
0.041,0
0.089,0
0.153,0
0.216,0
0.279,0
0.311,0
0.343,0
0.375,0
0.406,0
0.437,0
0.485,0
0.516,0
0.548,0
0.579,0
0.627,0
0.675,0
0.723,0
0.771,0
0.803,0
0.835,0
0.867,0
0.914,0
0.961,0
1.009,0
1.041,0
1.088,0
1.12,0
1.152,0
1.184,0
1.216,0
1.264,0
1.311,0
1.359,0
1.391,0
1.439,0
1.471,0
1.519,0
1.551,0
1.582,0
1.63,0
1.678,0
1.723,0
1.77,0
1.834,0
1.898,0
1.946,0
2.01,0
2.073,0
2.137,0
2.201,0
2.263,0
2.311,0
2.375,0
2.438,0
2.486,0
2.534,0
2.598,0
2.662,0
2.709,0
2.755,0
2.803,0
2.85,0
2.897,0
2.929,0
2.977,0
3.025,0
3.057,0
3.089,0
3.12,0
3.152,0
3.199,0
3.231,0
3.279,0
3.327,0
3.359,0
3.391,0
3.438,0
3.47,0
3.502,0
3.55,0
3.597,0
3.645,0
3.676,0
3.724,0
3.771,0
3.803,0
3.835,0
3.883,0
3.915,0
3.961,0
3.993,0
4.04,0
4.088,0
4.12,0
4.168,0
4.2,0
4.248,0
4.28,0
4.341,0
4.405,0
4.469,0
4.517,0
4.565,0
4.613,0
4.676,0
4.74,0
4.787,0
4.834,0
4.898,0
4.962,0
5.025,0
5.071,0
5.119,0
5.166,0
5.229,0
5.261,0
5.293,0
5.341,0
5.373,0
5.421,0
5.467,0
5.498,0
5.53,0
5.578,0
5.609,0
5.656,0
5.704,0
5.736,0
5.768,0
5.813,0
5.86,0
5.892,0
5.94,0
5.988,0
6.02,0
6.083,0
6.131,0
6.194,0
6.242,0
6.29,0
6.354,0
6.402,0
6.45,0
6.497,0
6.56,0
6.608,0
6.655,0
6.719,0
6.767,0
6.815,0
6.878,0
6.924,0
6.971,0
7.019,0
7.083,0
7.147,0
7.211,0
7.275,0
7.338,0
7.402,0
7.465,0
7.529,0
7.576,0
7.608,0
7.656,0
7.702,0
7.75,0
7.797,0
7.829,0
7.877,0
7.924,0
7.971,0
8.003,0
8.035,0
8.066,0
8.098,0
8.13,0
8.177,0
8.209,0
8.241,0
8.288,0
8.336,0
8.384,0
8.431,0
8.479,0
8.51,0
8.573,0
8.637,0
8.701,0
8.765,0
8.827,0
8.875,0
8.939,0
8.987,0
9.051,0
9.099,0
9.147,0
9.209,0
9.273,0
9.337,0
9.385,0
9.433,0
9.496,0
9.558,0
9.605,0
9.653,0
9.701,0
9.748,0
9.796,0
9.843,0
9.875,0
9.907,0
9.938,0
9.97,0
10.002,0
10.05,0
10.081,0
10.128,0
10.175,0
10.207,0
10.255,0
10.302,0
10.334,0
10.366,0
10.397,0
10.429,0
10.477,0
10.524,0
10.572,0
10.604,0
10.651,0
10.698,0
10.73,0
10.762,0
10.81,0
10.842,0
10.89,0
10.938,0
10.97,0
11.002,0
11.049,0
11.095,0
11.159,0
11.223,0
11.287,0
11.351,0
11.413,0
11.476,0
11.523,0
11.587,0
11.651,0
11.715,0
11.779,0
11.842,0
11.906,0
11.97,0
12.018,0
12.066,0
12.13,0
12.177,0
12.241,0
12.304,0
12.352,0
12.4,0
12.464,0
12.528,0
12.589,0
12.621,0
12.653,0
12.7,0
12.748,0
12.78,0
12.828,0
12.875,0
12.922,0
12.954,0
13.002,0
13.05,0
13.082,0
13.13,0
13.162,0
13.209,0
13.257,0
13.288,0
13.32,0
13.368,0
13.416,0
13.464,0
13.495,0
13.527,0
13.575,0
13.623,0
13.67,0
13.718,0
13.766,0
13.798,0
13.846,0
13.893,0
13.941,0
13.989,0
14.037,0
14.052,0
14.084,0
14.116,0
14.148,0
14.18,0
14.212,0
14.26,0
14.291,0
14.322,0
14.354,0
14.386,0
14.433,0
14.481,0
14.529,0
14.577,0
14.624,0
14.688,0
14.736,0
14.768,0
14.815,0
14.863,0
14.911,0
14.974,0
15.022,0
15.084,0
15.148,0
15.195,0
15.243,0
15.29,0
15.354,0
15.418,0
15.466,0
15.514,0
15.561,0
15.608,0
15.672,0
15.72,0
15.768,0
15.816,0
15.88,0
15.942,0
15.974,0
16.006,0
16.054,0
16.086,0
16.118,0
16.166,0
16.214,0
16.246,0
16.277,0
16.324,0
16.371,0
16.403,0
16.435,0
16.467,0
16.515,0
16.563,0
16.61,0
16.642,0
16.673,0
16.705,0
16.753,0
16.801,0
16.848,0
16.88,0
16.912,0
16.959,0
16.991,0
17.038,0
17.086,0
17.118,0
17.134,0
17.181,0
17.213,0
17.245,0
17.276,0
17.324,0
17.372,0
17.403,0
17.451,0
17.483,0
17.531,0
17.579,0
17.626,0
17.674,0
17.722,0
17.769,0
17.817,0
17.865,0
17.913,0
17.961,0
18.025,0
18.088,0
18.151,0
18.198,0
18.262,0
18.325,0
18.389,0
18.436,0
18.5,0
18.547,0
18.611,0
18.659,0
18.722,0
18.785,0
18.817,0
18.865,0
18.912,0
18.943,0
18.991,0
19.038,0
19.086,0
19.134,0
19.166,0
19.197,0
19.245,0
19.292,0
19.34,0
19.388,0
19.435,0
19.466,0
19.514,0
19.562,0
19.594,0
19.626,0
19.672,0
19.704,0
19.736,0
19.783,0
19.83,0
19.877,0
19.941,0
19.989,0
20.052,0
20.115,0
20.179,0
20.243,0
20.306,0
20.354,0
20.417,0
20.481,0
20.545,0
20.593,0
20.657,0
20.704,0
20.752,0
20.815,0
20.878,0
20.926,0
20.988,0
21.036,0
21.084,0
21.131,0
21.178,0
21.226,0
21.257,0
21.304,0
21.336,0
21.384,0
21.416,0
21.448,0
21.496,0
21.543,0
21.591,0
21.622,0
21.654,0
21.702,0
21.75,0
21.782,0
21.814,0
21.861,0
21.908,0
21.956,0
21.987,0
22.019,0
22.067,0
22.115,0
22.163,0
22.211,0
22.243,0
22.29,0
22.321,0
22.353,0
22.401,0
22.449,0
22.497,0
22.545,0
22.577,0
22.609,0
22.64,0
22.688,0
22.72,0
22.767,0
22.815,0
22.879,0
22.943,0
23.005,0
23.068,0
23.131,0
23.195,0
23.258,0
23.322,0
23.385,0
23.449,0
23.512,0
23.576,0
23.639,0
23.703,0
23.766,0
23.814,0
23.861,0
23.909,0
23.941,0
23.989,0
24.021,0
24.069,0
24.101,0
24.148,0
24.195,0
24.226,0
24.258,0
24.273,0
24.321,0
24.353,0
24.385,0
24.417,0
24.465,0
24.512,0
24.544,0
24.591,0
24.638,0
24.67,0
24.718,0
24.75,0
24.782,0
24.83,0
24.862,0
24.908,0
24.94,0
24.972,0
25.019,0
25.051,0
25.083,0
25.115,0
25.147,0
25.195,0
25.242,0
25.304,0
25.367,0
25.431,0
25.495,0
25.559,0
25.623,0
25.685,0
25.733,0
25.78,0
25.844,0
25.892,0
25.94,0
26.003,0
26.067,0
26.131,0
26.195,0
26.257,0
26.289,0
26.336,0
26.384,0
26.431,0
26.478,0
26.51,0
26.557,0
26.589,0
26.637,0
26.685,0
26.701,0
26.747,0
26.779,0
26.827,0
26.859,0
26.907,0
26.954,0
27.002,0
27.05,0
27.098,0
27.145,0
27.161,0
27.191,0
27.223,0
27.27,0
27.333,0
27.397,0
27.444,0
27.505,0
27.568,0
27.632,0
27.696,0
27.758,0
27.79,0
27.838,0
27.87,0
27.901,0
27.933,0
27.981,0
28.029,0
28.077,0
28.109,0
28.156,0
28.204,0
28.25,0
28.298,0
28.33,0
28.377,0
28.409,0
28.457,0
28.489,0
28.537,0
28.585,0
28.616,0
28.664,0
28.71,0
28.757,0
28.787,0
28.851,0
28.915,0
28.978,0
29.04,0
29.104,0
29.168,0
29.216,0
29.279,0
29.326,0
29.389,0
29.436,0
29.5,0
29.564,0
29.611,0
29.675,0
29.723,0
29.786,0
29.85,0
29.912,0
29.944,0
29.976,0
30.008,0
30.055,0
30.103,0
30.135,0
30.181,0
30.229,0
30.261,0
30.293,0
30.341,0
30.373,0
30.421,0
30.469,0
30.517,0
30.564,0
30.611,0
30.643,0
30.659,0
30.691,0
30.723,0
30.771,0
30.819,0
30.867,0
30.898,0
30.946,0
30.994,0
31.041,0
31.073,0
31.105,0
31.137,0
31.185,0
31.233,0
31.265,0
31.31,0
31.373,0
31.421,0
31.469,0
31.517,0
31.564,0
31.628,0
31.69,0
31.738,0
31.786,0
31.849,0
31.913,0
31.945,0
32.009,0
32.072,0
32.136,0
32.184,0
32.247,0
32.295,0
32.343,0
32.391,0
32.452,0
32.499,0
32.531,0
32.579,0
32.627,0
32.675,0
32.723,0
32.739,0
32.786,0
32.818,0
32.866,0
32.897,0
32.929,0
32.976,0
33.023,0
33.055,0
33.103,0
33.15,0
33.198,0
33.229,0
33.261,0
33.309,0
33.357,0
33.389,0
33.437,0
33.468,0
33.516,0
33.547,0
33.579,0
33.627,0
33.675,0
33.723,0
33.755,0
33.803,0
33.835,0
33.883,0
33.914,0
33.945,0
33.977,0
34.024,0
34.056,0
34.088,0
34.12,0
34.168,0
34.216,0
34.264,0
34.311,0
34.359,0
34.407,0
34.439,0
34.471,0
34.519,0
34.567,0
34.599,0
34.646,0
34.678,0
34.71,0
34.742,0
34.79,0
34.822,0
34.854,0
34.886,0
34.934,0
34.982,0
35.044,0
35.108,0
35.172,0
35.219,0
35.266,0
35.33,0
35.393,0
35.456,0
35.504,0
35.568,0
35.632,0
35.696,0
35.759,0
35.806,0
35.87,0
35.934,0
35.982,0
36.046,0
36.094,0
36.156,0
36.22,0
36.283,0
36.331,0
36.362,0
36.41,0
36.442,0
36.474,0
36.506,0
36.537,0
36.585,0
36.633,0
36.665,0
36.713,0
36.761,0
36.793,0
36.841,0
36.873,0
36.92,0
36.966,0
37.013,0
37.045,0
37.093,0
37.141,0
37.173,0
37.221,0
37.269,0
37.315,0
37.363,0
37.411,0
37.459,0
37.491,0
37.523,0
37.571,0
37.618,0
37.665,0
37.713,0
37.761,0
37.777,0
37.825,0
37.872,0
37.92,0
37.983,0
38.046,0
38.11,0
38.158,0
38.206,0
38.254,0
38.286,0
38.349,0
38.411,0
38.459,0
38.507,0
38.57,0
38.634,0
38.698,0
38.761,0
38.825,0
38.873,0
38.921,0
38.985,0
39.049,0
39.097,0
39.16,0
39.207,0
39.255,0
39.319,0
39.383,0
39.447,0
39.494,0
39.541,0
39.605,0
39.669,0
39.731,0
39.779,0
39.827,0
39.859,0
39.891,0
39.922,0
39.969,0
40.001,0
40.033,0
40.065,0
40.113,0
40.161,0
40.209,0
40.241,0
40.273,0
40.319,0
40.351,0
40.383,0
40.414,0
40.462,0
40.51,0
40.542,0
40.59,0
40.622,0
40.653,0
40.684,0
40.716,0
40.764,0
40.812,0
40.86,0
40.908,0
40.94,0
40.988,0
41.035,0
41.066,0
41.098,0
41.13,0
41.178,0
41.226,0
41.258,0
41.306,0
41.338,0
41.386,0
41.433,0
41.465,0
41.513,0
41.545,0
41.561,0
41.609,0
41.657,0
41.704,0
41.766,0
41.813,0
41.86,0
41.922,0
41.986,0
42.05,0
42.098,0
42.146,0
42.193,0
42.257,0
42.321,0
42.385,0
42.449,0
42.513,0
42.576,0
42.639,0
42.703,0
42.767,0
42.831,0
42.893,0
42.94,0
42.971,0
43.019,0
43.05,0
43.082,0
43.114,0
43.146,0
43.193,0
43.225,0
43.256,0
43.304,0
43.351,0
43.383,0
43.415,0
43.447,0
43.478,0
43.51,0
43.541,0
43.589,0
43.636,0
43.684,0
43.732,0
43.764,0
43.796,0
43.844,0
43.876,0
43.939,0
44.003,0
44.05,0
44.098,0
44.162,0
44.21,0
44.257,0
44.321,0
44.369,0
44.416,0
44.464,0
44.528,0
44.576,0
44.624,0
44.672,0
44.72,0
44.767,0
44.815,0
44.879,0
44.943,0
45.007,0
45.055,0
45.118,0
45.18,0
45.244,0
45.308,0
45.356,0
45.404,0
45.467,0
45.515,0
45.578,0
45.64,0
45.688,0
45.735,0
45.767,0
45.815,0
45.863,0
45.91,0
45.941,0
45.973,0
46.005,0
46.053,0
46.101,0
46.149,0
46.197,0
46.245,0
46.291,0
46.323,0
46.355,0
46.403,0
46.435,0
46.483,0
46.515,0
46.563,0
46.611,0
46.657,0
46.705,0
46.753,0
46.801,0
46.849,0
46.881,0
46.929,0
46.977,0
47.008,0
47.039,0
47.087,0
47.135,0
47.167,0
47.199,0
47.231,0
47.279,0
47.326,0
47.374,0
47.405,0
47.436,0
47.452,0
47.484,0
47.516,0
47.564,0
47.612,0
47.66,0
47.708,0
47.755,0
47.818,0
47.866,0
47.914,0
47.961,0
48.007,0
48.071,0
48.134,0
48.196,0
48.259,0
48.307,0
48.371,0
48.435,0
48.483,0
48.546,0
48.609,0
48.64,0
48.687,0
48.735,0
48.783,0
48.815,0
48.847,0
48.894,0
48.926,0
48.974,0
49.006,0
49.038,0
49.085,0
49.133,0
49.165,0
49.197,0
49.229,0
49.261,0
49.292,0
49.324,0
49.372,0
49.42,0
49.452,0
49.483,0
49.514,0
49.562,0
49.594,0
49.626,0
49.673,0
49.705,0
49.736,0
49.768,0
49.816,0
49.848,0
49.88,0
49.912,0
49.944,0
49.975,0
50.022,0
50.085,0
50.133,0
50.181,0
50.229,0
50.277,0
50.309,0
50.341,0
50.388,0
50.435,0
50.483,0
50.531,0
50.595,0
50.643,0
50.691,0
50.738,0
50.802,0
50.849,0
50.897,0
50.945,0
50.993,0
51.041,0
51.088,0
51.136,0
51.184,0
51.231,0
51.295,0
51.359,0
51.405,0
51.469,0
51.517,0
51.58,0
51.644,0
51.708,0
51.755,0
51.787,0
51.835,0
51.883,0
51.899,0
51.93,0
51.977,0
52.008,0
52.039,0
52.086,0
52.133,0
52.165,0
52.213,0
52.261,0
52.293,0
52.339,0
52.387,0
52.435,0
52.483,0
52.515,0
52.563,0
52.611,0
52.659,0
52.689,0
52.737,0
52.785,0
52.817,0
52.849,0
52.881,0
52.913,0
52.961,0
53.009,0
53.041,0
53.072,0
53.104,0
53.152,0
53.184,0
53.216,0
53.264,0
53.296,0
53.359,0
53.422,0
53.485,0
53.549,0
53.613,0
53.677,0
53.741,0
53.804,0
53.868,0
53.931,0
53.979,0
54.027,0
54.09,0
54.15,0
54.198,0
54.246,0
54.31,0
54.358,0
54.406,0
54.47,0
54.518,0
54.548,0
54.579,0
54.627,0
54.675,0
54.723,0
54.771,0
54.818,0
54.85,0
54.897,0
54.945,0
54.993,0
55.041,0
55.073,0
55.121,0
55.153,0
55.201,0
55.248,0
55.295,0
55.343,0
55.375,0
55.422,0
55.47,0
55.502,0
55.533,0
55.581,0
55.613,0
55.644,0
55.676,0
55.708,0
55.74,0
55.772,0
55.82,0
55.867,0
55.915,0
55.963,0
56.011,0
56.058,0
56.09,0
56.138,0
56.186,0
56.217,0
56.249,0
56.297,0
56.329,0
56.392,0
56.44,0
56.488,0
56.552,0
56.6,0
56.648,0
56.712,0
56.774,0
56.822,0
56.886,0
56.933,0
56.997,0
57.045,0
57.109,0
57.156,0
57.22,0
57.284,0
57.348,0
57.412,0
57.459,0
57.506,0
57.57,0
57.634,0
57.698,0
57.73,0
57.777,0
57.825,0
57.888,0
57.935,0
57.983,0
58.031,0
58.079,0
58.143,0
58.191,0
58.239,0
58.286,0
58.334,0
58.398,0
58.446,0
58.51,0
58.542,0
58.606,0
58.653,0
58.716,0
58.764,0
58.796,0
58.828,0
58.86,0
58.892,0
58.924,0
58.956,0
58.988,0
59.035,0
59.067,0
59.099,0
59.131,0
59.163,0
59.21,0
59.257,0
59.305,0
59.353,0
59.384,0
59.415,0
59.462,0
59.494,0
59.525,0
59.573,0
59.621,0
59.653,0
59.701,0
59.733,0
59.763,0
59.779,0
59.811,0
59.843,0
59.875,0
59.923,0
59.955,0
59.987,0
60.019,0
60.051,0
60.083,0
60.115,0
60.146,0
60.178,0
60.21,0
60.258,0
60.306,0
60.338,0
60.37,0
60.402,0
60.45,0
60.498,0
60.528,0
60.56,0
60.608,0
60.64,0
60.672,0
60.719,0
60.767,0
60.83,0
60.876,0
60.924,0
60.972,0
61.036,0
61.084,0
61.132,0
61.179,0
61.243,0
61.274,0
61.322,0
61.386,0
61.434,0
61.497,0
61.529,0
61.593,0
61.656,0
61.704,0
61.752,0
61.8,0
61.863,0
61.927,0
61.99,0
62.054,0
62.118,0
62.166,0
62.213,0
62.277,0
62.341,0
62.372,0
62.419,0
62.467,0
62.514,0
62.53,0
62.562,0
62.594,0
62.626,0
62.657,0
62.689,0
62.736,0
62.768,0
62.8,0
62.847,0
62.895,0
62.926,0
62.973,0
63.021,0
63.068,0
63.115,0
63.147,0
63.195,0
63.227,0
63.259,0
63.306,0
63.354,0
63.385,0
63.433,0
63.496,0
63.559,0
63.622,0
63.684,0
63.732,0
63.796,0
63.843,0
63.906,0
63.953,0
64.016,0
64.048,0
64.096,0
64.128,0
64.16,0
64.208,0
64.255,0
64.303,0
64.35,0
64.382,0
64.414,0
64.446,0
64.494,0
64.541,0
64.573,0
64.621,0
64.653,0
64.7,0
64.748,0
64.795,0
64.827,0
64.875,0
64.906,0
64.953,0
64.985,0
65.017,0
65.049,0
65.096,0
65.128,0
65.16,0
65.191,0
65.223,0
65.255,0
65.302,0
65.334,0
65.366,0
65.414,0
65.446,0
65.477,0
65.509,0
65.557,0
65.589,0
65.637,0
65.669,0
65.701,0
65.733,0
65.765,0
65.797,0
65.828,0
65.875,0
65.923,0
65.987,0
66.051,0
66.099,0
66.147,0
66.195,0
66.258,0
66.306,0
66.369,0
66.432,0
66.496,0
66.559,0
66.622,0
66.686,0
66.75,0
66.797,0
66.861,0
66.923,0
66.953,0
66.985,0
67.033,0
67.081,0
67.129,0
67.177,0
67.224,0
67.272,0
67.319,0
67.351,0
67.383,0
67.415,0
67.463,0
67.494,0
67.51,0
67.542,0
67.59,0
67.638,0
67.686,0
67.733,0
67.781,0
67.812,0
67.859,0
67.906,0
67.938,0
67.969,0
68.001,0
68.049,0
68.096,0
68.143,0
68.207,0
68.271,0
68.335,0
68.399,0
68.462,0
68.526,0
68.589,0
68.653,0
68.716,0
68.78,0
68.811,0
68.874,0
68.906,0
68.954,0
69.017,0
69.065,0
69.129,0
69.193,0
69.256,0
69.304,0
69.352,0
69.416,0
69.48,0
69.544,0
69.59,0
69.653,0
69.716,0
69.764,0
69.811,0
69.843,0
69.891,0
69.939,0
69.97,0
70.017,0
70.065,0
70.097,0
70.144,0
70.176,0
70.208,0
70.24,0
70.288,0
70.335,0
70.383,0
70.415,0
70.463,0
70.511,0
70.527,0
70.575,0
70.607,0
70.655,0
70.686,0
70.734,0
70.782,0
70.814,0
70.861,0
70.893,0
70.925,0
70.957,0
71.005,0
71.037,0
71.084,0
71.116,0
71.164,0
71.196,0
71.244,0
71.275,0
71.323,0
71.371,0
71.419,0
71.466,0
71.514,0
71.561,0
71.609,0
71.657,0
71.705,0
71.753,0
71.785,0
71.831,0
71.895,0
71.959,0
72.023,0
72.087,0
72.151,0
72.214,0
72.278,0
72.342,0
72.39,0
72.454,0
72.518,0
72.581,0
72.644,0
72.708,0
72.772,0
72.836,0
72.899,0
72.946,0
73.01,0
73.058,0
73.122,0
73.17,0
73.234,0
73.281,0
73.344,0
73.408,0
73.472,0
73.52,0
73.584,0
73.648,0
73.695,0
73.759,0
73.807,0
73.87,0
73.934,0
73.998,0
74.045,0
74.108,0
74.156,0
74.204,0
74.268,0
74.316,0
74.38,0
74.428,0
74.474,0
74.522,0
74.554,0
74.586,0
74.634,0
74.681,0
74.729,0
74.777,0
74.825,0
74.856,0
74.904,0
74.952,0
74.999,0
75.031,0
75.063,0
75.111,0
75.143,0
75.191,0
75.223,0
75.27,0
75.317,0
75.349,0
75.397,0
75.429,0
75.461,0
75.493,0
75.541,0
75.573,0
75.605,0
75.651,0
75.683,0
75.731,0
75.779,0
75.811,0
75.827,0
75.875,0
75.923,0
75.955,0
75.987,0
76.018,0
76.066,0
76.098,0
76.146,0
76.194,0
76.242,0
76.29,0
76.337,0
76.368,0
76.4,0
76.447,0
76.479,0
76.527,0
76.559,0
76.607,0
76.639,0
76.671,0
76.703,0
76.748,0
76.796,0
76.86,0
76.923,0
76.971,0
77.035,0
77.083,0
77.13,0
77.194,0
77.258,0
77.322,0
77.386,0
77.449,0
77.496,0
77.559,0
77.623,0
77.671,0
77.719,0
77.782,0
77.844,0
77.874,0
77.921,0
77.968,0
78.0,0
78.032,0
78.079,0
78.126,0
78.174,0
78.222,0
78.253,0
78.285,0
78.333,0
78.365,0
78.397,0
78.429,0
78.477,0
78.509,0
78.557,0
78.605,0
78.65,0
78.698,0
78.746,0
78.794,0
78.842,0
78.89,0
78.938,0
78.969,0
79.016,0
79.048,0
79.08,0
79.112,0
79.16,0
79.224,0
79.286,0
79.334,0
79.397,0
79.461,0
79.509,0
79.573,0
79.621,0
79.669,0
79.717,0
79.779,0
79.843,0
79.89,0
79.937,0
79.999,0
80.031,0
80.079,0
80.11,0
80.141,0
80.188,0
80.22,0
80.268,0
80.316,0
80.347,0
80.395,0
80.427,0
80.459,0
80.506,0
80.553,0
80.601,0
80.633,0
80.664,0
80.696,0
80.744,0
80.792,0
80.824,0
80.853,0
80.9,0
80.964,0
81.012,0
81.076,0
81.124,0
81.188,0
81.25,0
81.298,0
81.346,0
81.394,0
81.458,0
81.505,0
81.553,0
81.616,0
81.663,0
81.727,0
81.791,0
81.855,0
81.903,0
81.967,0
82.03,0
82.094,0
82.158,0
82.206,0
82.254,0
82.317,0
82.38,0
82.428,0
82.491,0
82.539,0
82.603,0
82.651,0
82.715,0
82.778,0
82.826,0
82.874,0
82.922,0
82.97,0
83.034,0
83.081,0
83.127,0
83.159,0
83.207,0
83.255,0
83.302,0
83.349,0
83.397,0
83.429,0
83.476,0
83.508,0
83.556,0
83.588,0
83.62,0
83.652,0
83.684,0
83.732,0
83.78,0
83.828,0
83.859,0
83.89,0
83.921,0
83.968,0
84.0,0
84.048,0
84.096,0
84.144,0
84.191,0
84.238,0
84.286,0
84.334,0
84.366,0
84.414,0
84.462,0
84.494,0
84.526,0
84.574,0
84.621,0
84.653,0
84.685,0
84.717,0
84.765,0
84.813,0
84.844,0
84.892,0
84.956,0
85.003,0
85.051,0
85.099,0
85.147,0
85.211,0
85.259,0
85.322,0
85.385,0
85.449,0
85.497,0
85.529,0
85.593,0
85.657,0
85.721,0
85.768,0
85.816,0
85.864,0
85.928,0
85.991,0
86.055,0
86.102,0
86.166,0
86.214,0
86.278,0
86.341,0
86.389,0
86.453,0
86.516,0
86.564,0
86.628,0
86.691,0
86.739,0
86.803,0
86.866,0
86.93,0
86.992,0
87.023,0
87.039,0
87.086,0
87.134,0
87.166,0
87.213,0
87.245,0
87.277,0
87.309,0
87.34,0
87.372,0
87.403,0
87.451,0
87.499,0
87.547,0
87.593,0
87.641,0
87.689,0
87.737,0
87.785,0
87.833,0
87.881,0
87.928,0
87.973,0
88.02,0
88.068,0
88.132,0
88.18,0
88.228,0
88.29,0
88.353,0
88.401,0
88.465,0
88.513,0
88.577,0
88.641,0
88.689,0
88.752,0
88.816,0
88.864,0
88.911,0
88.959,0
89.023,0
89.086,0
89.134,0
89.182,0
89.245,0
89.309,0
89.372,0
89.435,0
89.482,0
89.529,0
89.577,0
89.625,0
89.673,0
89.721,0
89.753,0
89.8,0
89.831,0
89.879,0
89.926,0
89.958,0
90.006,0
90.054,0
90.102,0
90.134,0
90.182,0
90.228,0
90.26,0
90.308,0
90.34,0
90.388,0
90.42,0
90.468,0
90.499,0
90.546,0
90.592,0
90.639,0
90.687,0
90.735,0
90.783,0
90.831,0
90.895,0
90.958,0
91.006,0
91.069,0
91.116,0
91.18,0
91.227,0
91.274,0
91.337,0
91.385,0
91.449,0
91.512,0
91.575,0
91.606,0
91.653,0
91.685,0
91.733,0
91.764,0
91.812,0
91.844,0
91.86,0
91.908,0
91.94,0
91.988,0
92.035,0
92.083,0
92.131,0
92.179,0
92.226,0
92.274,0
92.322,0
92.354,0
92.386,0
92.433,0
92.464,0
92.511,0
92.559,0
92.607,0
92.639,0
92.687,0
92.719,0
92.767,0
92.814,0
92.862,0
92.894,0
92.926,0
92.974,0
93.022,0
93.07,0
93.118,0
93.149,0
93.197,0
93.245,0
93.293,0
93.325,0
93.373,0
93.42,0
93.468,0
93.499,0
93.53,0
93.578,0
93.61,0
93.658,0
93.69,0
93.722,0
93.769,0
93.833,0
93.896,0
93.959,0
94.007,0
94.071,0
94.134,0
94.181,0
94.229,0
94.292,0
94.356,0
94.404,0
94.452,0
94.515,0
94.563,4158
94.627,12498
94.674,17888
94.722,19495
94.786,19903
94.833,19407
94.897,18667
94.961,17491
95.009,16285
95.07,14463
95.117,8562
95.164,5487
95.196,3577
95.244,2675
95.276,1705
95.308,1267
95.356,926
95.403,591
95.451,368
95.498,212
95.546,96
95.594,20
95.642,0
95.69,0
95.737,0
95.768,0
95.8,0
95.847,0
95.863,0
95.895,0
95.927,0
95.958,0
96.005,0
96.037,0
96.069,0
96.101,0
96.148,0
96.18,0
96.228,0
96.276,0
96.308,0
96.356,0
96.404,0
96.435,0
96.498,0
96.561,0
96.593,0
96.641,0
96.673,0
96.737,0
96.801,0
96.865,0
96.928,0
96.992,0
97.056,0
97.104,0
97.167,0
97.23,0
97.261,0
97.324,0
97.372,0
97.436,0
97.483,0
97.531,0
97.579,0
97.627,0
97.674,0
97.722,0
97.786,0
97.834,0
97.882,0
97.946,0
97.994,0
98.041,0
98.105,0
98.168,0
98.2,0
98.248,0
98.28,0
98.312,0
98.344,0
98.39,0
98.422,0
98.454,0
98.502,0
98.55,0
98.582,0
98.614,0
98.662,0
98.709,0
98.741,0
98.772,0
98.819,0
98.867,0
98.915,0
98.963,0
99.011,0
99.058,0
99.09,0
99.122,0
99.169,0
99.201,0
99.233,0
99.281,0
99.313,0
99.345,0
99.377,0
99.424,0
99.472,0
99.519,0
99.551,0
99.583,0
99.615,0
99.663,0
99.711,0
99.743,0
99.775,0
99.823,0
99.854,0
99.901,0
99.933,0
99.965,0
99.997,0
100.014,0
100.061,0
100.093,0
100.125,0
100.172,0
100.204,0
100.25,0
100.314,0
100.362,0
100.426,0
100.49,0
100.538,0
100.585,0
100.632,0
100.696,0
100.743,0
100.791,0
100.839,0
100.887,0
100.935,0
100.983,0
101.03,0
101.078,0
101.126,0
101.19,0
101.253,0
101.317,0
101.38,0
101.444,0
101.508,0
101.572,0
101.619,0
101.667,0
101.731,0
101.794,0
101.841,0
101.905,0
101.969,0
102.017,0
102.081,0
102.128,0
102.192,0
102.24,0
102.304,0
102.368,0
102.432,0
102.495,0
102.559,0
102.623,0
102.687,0
102.75,0
102.782,0
102.829,0
102.874,0
102.921,0
102.953,0
102.985,0
103.017,0
103.065,0
103.113,0
103.161,0
103.209,0
103.256,0
103.288,0
103.32,0
103.368,0
103.4,0
103.448,0
103.496,0
103.544,0
103.575,0
103.623,0
103.67,0
103.718,0
103.766,0
103.814,0
103.846,0
103.877,0
103.925,0
103.973,0
104.02,0
104.052,0
104.084,0
104.132,0
104.18,0
104.228,0
104.26,0
104.292,0
104.324,0
104.356,0
104.387,0
104.419,0
104.451,0
104.499,0
104.531,0
104.579,0
104.626,0
104.674,0
104.738,0
104.785,0
104.833,0
104.881,0
104.929,0
104.961,0
105.009,0
105.072,0
105.135,0
105.183,0
105.231,0
105.295,0
105.343,0
105.407,0
105.471,0
105.534,0
105.581,0
105.628,0
105.676,0
105.723,0
105.786,0
105.85,0
105.897,0
105.961,0
106.009,0
106.057,0
106.121,0
106.185,0
106.248,0
106.296,0
106.344,0
106.375,0
106.423,0
106.455,0
106.502,0
106.55,0
106.582,0
106.613,0
106.661,0
106.709,0
106.757,0
106.805,0
106.853,0
106.901,0
106.933,0
106.965,0
107.012,0
107.043,0
107.091,0
107.123,0
107.171,0
107.202,0
107.234,0
107.282,0
107.33,0
107.377,0
107.409,0
107.456,0
107.488,0
107.536,0
107.584,0
107.632,0
107.679,0
107.727,0
107.774,0
107.822,0
107.854,0
107.902,0
107.95,0
107.998,0
108.046,0
108.077,0
108.124,0
108.155,0
108.187,0
108.235,0
108.283,0
108.331,0
108.347,0
108.395,0
108.427,0
108.475,0
108.522,0
108.57,0
108.602,0
108.65,0
108.681,0
108.745,0
108.809,0
108.872,0
108.903,0
108.967,0
109.031,0
109.095,0
109.159,0
109.223,0
109.269,0
109.332,0
109.38,0
109.428,0
109.476,0
109.524,0
109.588,0
109.635,0
109.683,0
109.747,0
109.81,0
109.873,0
109.921,0
109.969,0
110.032,0
110.095,0
110.127,0
110.175,0
110.207,0
110.239,0
110.303,0
110.351,0
110.398,0
110.446,0
110.494,0
110.525,0
110.573,0
110.621,0
110.669,0
110.717,0
110.765,0
110.813,0
110.86,0
110.908,0
110.94,0
110.972,0
111.004,0
111.052,0
111.1,0
111.148,0
111.179,0
111.21,0
111.242,0
111.29,0
111.338,0
111.37,0
111.418,0
111.45,0
111.498,0
111.53,0
111.562,0
111.593,0
111.641,0
111.689,0
111.737,0
111.753,0
111.784,0
111.832,0
111.88,0
111.928,0
111.974,0
112.022,0
112.07,0
112.102,0
112.15,0
112.181,0
112.229,0
112.261,0
112.293,0
112.34,0
112.388,0
112.436,0
112.484,0
112.532,0
112.58,0
112.628,0
112.659,0
112.706,0
112.754,0
112.786,0
112.834,0
112.865,0
112.913,0
112.961,0
113.008,0
113.072,0
113.119,0
113.167,0
113.214,0
113.262,0
113.324,0
113.388,0
113.435,0
113.482,0
113.53,0
113.578,0
113.642,0
113.706,0
113.754,0
113.818,0
113.881,0
113.929,0
113.993,0
114.057,0
114.105,0
114.153,0
114.215,0
114.279,0
114.343,0
114.391,0
114.439,0
114.487,0
114.535,0
114.598,0
114.646,0
114.694,0
114.758,0
114.822,0
114.884,0
114.9,0
114.948,0
114.995,0
115.043,0
115.074,0
115.106,0
115.137,0
115.184,0
115.232,0
115.264,0
115.312,0
115.343,0
115.391,0
115.439,0
115.487,0
115.519,0
115.551,0
115.583,0
115.631,0
115.679,0
115.71,0
115.741,0
115.773,0
115.805,0
115.837,0
115.885,0
115.917,0
115.964,0
115.996,0
116.044,0
116.09,0
116.153,0
116.2,0
116.248,0
116.312,0
116.375,0
116.439,0
116.486,0
116.55,0
116.614,0
116.662,0
116.725,0
116.789,0
116.836,0
116.9,0
116.963,0
117.027,0
117.091,0
117.153,0
117.185,0
117.247,0
117.279,0
117.311,0
117.343,0
117.391,0
117.423,0
117.471,0
117.519,0
117.566,0
117.598,0
117.63,0
117.678,0
117.726,0
117.773,0
117.82,0
117.852,0
117.9,0
117.947,0
117.995,0
118.043,0
118.091,0
118.122,0
118.17,0
118.217,0
118.265,0
118.296,0
118.343,0
118.359,0
118.407,0
118.455,0
118.502,0
118.55,0
118.598,0
118.63,0
118.678,0
118.725,0
118.756,0
118.804,0
118.836,0
118.868,0
118.9,0
118.948,0
118.98,0
119.028,0
119.075,0
119.122,0
119.186,0
119.25,0
119.298,0
119.362,0
119.426,0
119.473,0
119.537,0
119.585,0
119.633,0
119.697,0
119.745,0
119.809,0
119.872,0
119.92,0
119.983,0
120.047,0
tijd,meetwaarde
0.026,0
0.045,0
0.059,0
0.075,0
0.09,0
0.105,0
0.123,0
0.138,0
0.154,0
0.171,0
0.188,0
0.202,0
0.215,0
0.232,0
0.25,0
0.264,0
0.283,0
0.301,0
0.316,0
0.328,0
0.345,0
0.36,0
0.377,0
0.394,0
0.411,0
0.428,0
0.441,0
0.455,0
0.475,0
0.49,0
0.508,0
0.518,0
0.537,0
0.551,0
0.568,0
0.583,0
0.601,0
0.618,0
0.634,0
0.651,0
0.663,0
0.681,0
0.7,0
0.735,0
0.796,0
0.86,0
0.908,0
0.97,0
1.002,0
1.034,0
1.066,0
1.098,0
1.145,0
1.193,0
1.241,0
1.288,0
1.335,0
1.367,0
1.415,0
1.447,0
1.495,0
1.542,0
1.574,0
1.622,0
1.654,0
1.702,0
1.75,0
1.798,0
1.846,0
1.877,0
1.925,0
1.972,0
2.003,0
2.051,0
2.083,0
2.115,0
2.163,0
2.211,0
2.243,0
2.29,0
2.338,0
2.37,0
2.402,0
2.449,0
2.497,0
2.545,0
2.593,0
2.64,0
2.688,0
2.72,0
2.752,0
2.8,0
2.832,0
2.864,0
2.911,0
2.975,0
3.007,0
3.07,0
3.134,0
3.198,0
3.261,0
3.323,0
3.386,0
3.45,0
3.514,0
3.56,0
3.608,0
3.672,0
3.719,0
3.766,0
3.814,0
3.877,0
3.925,0
3.972,0
4.02,0
4.068,0
4.1,0
4.147,0
4.195,0
4.227,0
4.275,0
4.307,0
4.355,0
4.386,0
4.433,0
4.481,0
4.528,0
4.56,0
4.575,0
4.623,0
4.655,0
4.687,0
4.719,0
4.751,0
4.783,0
4.814,0
4.846,0
4.877,0
4.908,0
4.94,0
4.972,0
5.004,0
5.052,0
5.1,0
5.148,0
5.18,0
5.212,0
5.244,0
5.291,0
5.323,0
5.354,0
5.401,0
5.463,0
5.51,0
5.573,0
5.637,0
5.684,0
5.732,0
5.795,0
5.859,0
5.906,0
5.953,0
6.001,0
6.032,0
6.08,0
6.128,0
6.175,0
6.223,0
6.271,0
6.319,0
6.35,0
6.397,0
6.413,0
6.461,0
6.508,0
6.556,0
6.588,0
6.62,0
6.668,0
6.7,0
6.748,0
6.795,0
6.842,0
6.874,0
6.921,0
6.968,0
7.016,0
7.048,0
7.096,0
7.128,0
7.174,0
7.206,0
7.269,0
7.333,0
7.395,0
7.443,0
7.505,0
7.568,0
7.632,0
7.696,0
7.76,0
7.823,0
7.887,0
7.95,0
7.998,0
8.06,0
8.107,0
8.155,0
8.203,0
8.235,0
8.283,0
8.331,0
8.376,0
8.406,0
8.454,0
8.502,0
8.549,0
8.597,0
8.644,0
8.676,0
8.707,0
8.755,0
8.787,0
8.835,0
8.867,0
8.914,0
8.962,0
9.026,0
9.089,0
9.153,0
9.217,0
9.281,0
9.344,0
9.391,0
9.453,0
9.501,0
9.548,0
9.596,0
9.659,0
9.723,0
9.787,0
9.85,0
9.897,0
9.945,0
10.009,0
10.056,0
10.088,0
10.12,0
10.168,0
10.2,0
10.247,0
10.279,0
10.327,0
10.359,0
10.391,0
10.423,0
10.471,0
10.503,0
10.551,0
10.598,0
10.646,0
10.694,0
10.742,0
10.789,0
10.837,0
10.869,0
10.914,0
10.977,0
11.025,0
11.073,0
11.121,0
11.153,0
11.169,0
11.201,0
11.248,0
11.296,0
11.327,0
11.375,0
11.423,0
11.471,0
11.502,0
11.534,0
11.566,0
11.597,0
11.629,0
11.677,0
11.724,0
11.756,0
11.804,0
11.836,0
11.884,0
11.932,0
11.964,0
11.996,0
12.044,0
12.091,0
12.139,0
12.187,0
12.203,0
12.251,0
12.299,0
12.347,0
12.395,0
12.457,0
12.521,0
12.585,0
12.648,0
12.696,0
12.76,0
12.823,0
12.871,0
12.933,0
12.981,0
13.045,0
13.093,0
13.157,0
13.204,0
13.268,0
13.315,0
13.379,0
13.427,0
13.475,0
13.539,0
13.602,0
13.665,0
13.729,0
13.776,0
13.824,0
13.856,0
13.888,0
13.92,0
13.951,0
13.983,0
14.031,0
14.079,0
14.127,0
14.159,0
14.207,0
14.239,0
14.271,0
14.303,0
14.334,0
14.366,0
14.414,0
14.445,0
14.477,0
14.524,0
14.555,0
14.587,0
14.635,0
14.667,0
14.698,0
14.746,0
14.794,0
14.81,0
14.858,0
14.89,0
14.922,0
14.97,0
15.002,0
15.05,0
15.097,0
15.129,0
15.176,0
15.208,0
15.239,0
15.271,0
15.319,0
15.351,0
15.383,0
15.415,0
15.446,0
15.478,0
15.51,0
15.541,0
15.589,0
15.621,0
15.669,0
15.701,0
15.733,0
15.765,0
15.813,0
15.844,0
15.891,0
15.955,0
16.019,0
16.083,0
16.131,0
16.178,0
16.225,0
16.289,0
16.337,0
16.401,0
16.464,0
16.526,0
16.589,0
16.637,0
16.685,0
16.748,0
16.812,0
16.859,0
16.922,0
16.969,0
17.017,0
17.064,0
17.096,0
17.143,0
17.175,0
17.223,0
17.255,0
17.271,0
17.318,0
17.366,0
17.414,0
17.444,0
17.492,0
17.54,0
17.572,0
17.62,0
17.652,0
17.699,0
17.747,0
17.794,0
17.826,0
17.842,0
17.89,0
17.922,0
17.954,0
18.002,0
18.034,0
18.065,0
18.097,0
18.145,0
18.193,0
18.24,0
18.288,0
18.32,0
18.368,0
18.416,0
18.463,0
18.478,0
18.51,0
18.542,0
18.59,0
18.622,0
18.654,0
18.686,0
18.734,0
18.766,0
18.813,0
18.86,0
18.908,0
18.956,0
19.004,0
19.052,0
19.1,0
19.148,0
19.194,0
19.242,0
19.306,0
19.354,0
19.402,0
19.449,0
19.497,0
19.544,0
19.591,0
19.639,0
19.687,0
19.751,0
19.815,0
19.863,0
19.926,0
19.974,0
20.037,0
20.1,0
20.164,0
20.212,0
20.26,0
20.323,0
20.386,0
20.434,0
20.466,0
20.498,0
20.545,0
20.593,0
20.625,0
20.657,0
20.703,0
20.751,0
20.799,0
20.831,0
20.863,0
20.895,0
20.942,0
20.99,0
21.038,0
21.085,0
21.133,0
21.181,0
21.213,0
21.245,0
21.292,0
21.338,0
21.386,0
21.417,0
21.463,0
21.526,0
21.589,0
21.653,0
21.717,0
21.781,0
21.828,0
21.892,0
21.955,0
22.019,0
22.083,0
22.147,0
22.21,0
22.273,0
22.337,0
22.4,0
22.463,0
22.527,0
22.588,0
22.636,0
22.667,0
22.698,0
22.746,0
22.793,0
22.841,0
22.889,0
22.936,0
22.984,0
23.032,0
23.079,0
23.111,0
23.159,0
23.207,0
23.255,0
23.286,0
23.334,0
23.382,0
23.398,0
23.445,0
23.461,0
23.493,0
23.525,0
23.572,0
23.62,0
23.668,0
23.699,0
23.747,0
23.779,0
23.811,0
23.858,0
23.922,0
23.969,0
24.032,0
24.08,0
24.128,0
24.191,0
24.239,0
24.287,0
24.335,0
24.399,0
24.462,0
24.51,0
24.556,0
24.604,0
24.652,0
24.7,0
24.764,0
24.811,0
24.858,0
24.905,0
24.953,0
25.001,0
25.049,0
25.097,0
25.159,0
25.191,0
25.223,0
25.255,0
25.287,0
25.335,0
25.367,0
25.415,0
25.447,0
25.479,0
25.511,0
25.542,0
25.574,0
25.606,0
25.654,0
25.686,0
25.733,0
25.765,0
25.797,0
25.829,0
25.861,0
25.909,0
25.939,0
25.971,0
26.003,0
26.035,0
26.083,0
26.131,0
26.179,0
26.227,0
26.259,0
26.306,0
26.354,0
26.386,0
26.418,0
26.45,0
26.498,0
26.53,0
26.577,0
26.624,0
26.671,0
26.718,0
26.766,0
26.814,0
26.845,0
26.893,0
26.941,0
26.989,0
27.021,0
27.052,0
27.1,0
27.163,0
27.226,0
27.29,0
27.338,0
27.4,0
27.448,0
27.511,0
27.575,0
27.623,0
27.687,0
27.719,0
27.783,0
27.844,0
27.892,0
27.955,0
28.003,0
28.066,0
28.098,0
28.145,0
28.192,0
28.224,0
28.271,0
28.319,0
28.366,0
28.414,0
28.446,0
28.476,0
28.508,0
28.539,0
28.571,0
28.603,0
28.651,0
28.699,0
28.731,0
28.763,0
28.794,0
28.826,0
28.873,0
28.905,0
28.936,0
28.968,0
29.0,0
29.032,0
29.064,0
29.096,0
29.144,0
29.176,0
29.208,0
29.24,0
29.271,0
29.318,0
29.381,0
29.443,0
29.506,0
29.554,0
29.602,0
29.665,0
29.713,0
29.761,0
29.809,0
29.873,0
29.921,0
29.985,0
30.048,0
30.111,0
30.158,0
30.19,0
30.222,0
30.27,0
30.318,0
30.366,0
30.397,0
30.445,0
30.493,0
30.524,0
30.572,0
30.62,0
30.668,0
30.7,0
30.732,0
30.764,0
30.811,0
30.859,0
30.907,0
30.939,0
30.987,0
31.035,0
31.083,0
31.131,0
31.178,0
31.209,0
31.257,0
31.305,0
31.336,0
31.367,0
31.415,0
31.447,0
31.495,0
31.526,0
31.574,0
31.622,0
31.67,0
31.702,0
31.75,0
31.781,0
31.829,0
31.877,0
31.908,0
31.956,0
32.003,0
32.034,0
32.081,0
32.145,0
32.193,0
32.241,0
32.304,0
32.352,0
32.416,0
32.464,0
32.511,0
32.559,0
32.606,0
32.653,0
32.717,0
32.764,0
32.828,0
32.891,0
32.939,0
33.003,0
33.065,0
33.113,0
33.161,0
33.225,0
33.289,0
33.353,0
33.416,0
33.463,0
33.511,0
33.543,0
33.575,0
33.623,0
33.671,0
33.703,0
33.751,0
33.814,0
33.861,0
33.892,0
33.924,0
33.972,0
34.004,0
34.036,0
34.068,0
34.1,0
34.131,0
34.179,0
34.211,0
34.243,0
34.291,0
34.339,0
34.387,0
34.434,0
34.466,0
34.513,0
34.561,0
34.609,0
34.657,0
34.689,0
34.737,0
34.784,0
34.832,0
34.864,0
34.895,0
34.943,0
34.975,0
35.007,0
35.055,0
35.103,0
35.151,0
35.183,0
35.231,0
35.261,0
35.293,0
35.341,0
35.389,0
35.437,0
35.484,0
35.532,0
35.564,0
35.596,0
35.628,0
35.659,0
35.707,0
35.739,0
35.771,0
35.819,0
35.867,0
35.914,0
35.962,0
36.009,0
36.057,0
36.105,0
36.153,0
36.201,0
36.249,0
36.297,0
36.36,0
36.423,0
36.471,0
36.535,0
36.599,0
36.647,0
36.711,0
36.759,0
36.82,0
36.884,0
36.948,0
37.012,0
37.076,0
37.123,0
37.186,0
37.234,0
37.298,0
37.346,0
37.41,0
37.458,0
37.519,0
37.583,0
37.631,0
37.695,0
37.743,0
37.807,0
37.87,0
37.918,0
37.965,0
38.013,0
38.045,0
38.093,0
38.141,0
38.189,0
38.237,0
38.283,0
38.331,0
38.379,0
38.426,0
38.457,0
38.505,0
38.536,0
38.568,0
38.616,0
38.663,0
38.711,0
38.759,0
38.807,0
38.855,0
38.902,0
38.95,0
38.998,0
39.045,0
39.093,0
39.141,0
39.173,0
39.22,0
39.268,0
39.3,0
39.348,0
39.395,0
39.443,0
39.49,0
39.538,0
39.586,0
39.634,0
39.666,0
39.698,0
39.745,0
39.793,0
39.841,0
39.873,0
39.921,0
39.967,0
40.015,0
40.078,0
40.141,0
40.189,0
40.237,0
40.301,0
40.365,0
40.429,0
40.477,0
40.54,0
40.604,0
40.651,0
40.715,0
40.779,0
40.826,0
40.873,0
40.936,0
40.984,0
41.031,0
41.079,0
41.127,0
41.175,0
41.207,0
41.254,0
41.286,0
41.334,0
41.365,0
41.397,0
41.445,0
41.492,0
41.524,0
41.556,0
41.604,0
41.651,0
41.699,0
41.747,0
41.795,0
41.843,0
41.891,0
41.922,0
41.954,0
41.986,0
42.033,0
42.065,0
42.097,0
42.145,0
42.192,0
42.223,0
42.255,0
42.303,0
42.351,0
42.382,0
42.414,0
42.461,0
42.508,0
42.556,0
42.619,0
42.683,0
42.747,0
42.794,0
42.857,0
42.905,0
42.951,0
43.014,0
43.078,0
43.124,0
43.188,0
43.252,0
43.299,0
43.363,0
43.426,0
43.473,0
43.52,0
43.568,0
43.615,0
43.663,0
43.711,0
43.743,0
43.791,0
43.838,0
43.885,0
43.917,0
43.949,0
43.997,0
44.028,0
44.076,0
44.108,0
44.156,0
44.188,0
44.236,0
44.283,0
44.331,0
44.378,0
44.41,0
44.442,0
44.49,0
44.522,0
44.57,0
44.617,0
44.664,0
44.696,0
44.744,0
44.791,0
44.838,0
44.902,0
44.966,0
45.029,0
45.076,0
45.139,0
45.187,0
45.251,0
45.315,0
45.362,0
45.424,0
45.472,0
45.52,0
45.584,0
45.632,0
45.679,0
45.726,0
45.789,0
45.837,0
45.901,0
45.949,0
45.996,0
46.044,0
46.092,0
46.139,0
46.187,0
46.219,0
46.267,0
46.315,0
46.362,0
46.41,0
46.458,0
46.489,0
46.537,0
46.585,0
46.617,0
46.665,0
46.713,0
46.76,0
46.808,0
46.855,0
46.887,0
46.919,0
46.967,0
47.015,0
47.063,0
47.11,0
47.142,0
47.19,0
47.237,0
47.285,0
47.317,0
47.349,0
47.397,0
47.444,0
47.475,0
47.522,0
47.57,0
47.617,0
47.665,0
47.697,0
47.745,0
47.792,0
47.856,0
47.904,0
47.968,0
48.031,0
48.079,0
48.142,0
48.206,0
48.254,0
48.302,0
48.365,0
48.429,0
48.491,0
48.539,0
48.587,0
48.651,0
48.715,0
48.777,0
48.84,0
48.887,0
48.935,0
48.983,0
49.03,0
49.078,0
49.125,0
49.157,0
49.189,0
49.237,0
49.284,0
49.316,0
49.348,0
49.379,0
49.427,0
49.459,0
49.49,0
49.522,0
49.554,0
49.585,0
49.633,0
49.665,0
49.696,0
49.744,0
49.775,0
49.823,0
49.854,0
49.886,0
49.934,0
49.966,0
50.014,0
50.061,0
50.093,0
50.125,0
50.173,0
50.22,0
50.268,0
50.3,0
50.348,0
50.379,0
50.427,0
50.475,0
50.523,0
50.571,0
50.602,0
50.65,0
50.698,0
50.745,0
50.809,0
50.873,0
50.937,0
50.984,0
51.032,0
51.096,0
51.159,0
51.207,0
51.271,0
51.335,0
51.398,0
51.46,0
51.508,0
51.556,0
51.604,0
51.668,0
51.731,0
51.763,0
51.811,0
51.875,0
51.939,0
52.003,0
52.051,0
52.097,0
52.145,0
52.209,0
52.273,0
52.337,0
52.401,0
52.449,0
52.51,0
52.558,0
52.606,0
52.654,0
52.702,0
52.749,0
52.781,0
52.829,0
52.86,0
52.907,0
52.955,0
53.002,0
53.033,0
53.081,0
53.129,0
53.177,0
53.224,0
53.272,0
53.32,0
53.367,0
53.399,0
53.431,0
53.479,0
53.527,0
53.575,0
53.606,0
53.654,0
53.685,0
53.717,0
53.764,0
53.827,0
53.875,0
53.938,0
54.0,0
54.064,0
54.112,0
54.16,0
54.224,0
54.272,0
54.32,0
54.367,0
54.415,0
54.478,0
54.542,0
54.59,0
54.638,0
54.702,0
54.765,0
54.829,0
54.877,0
54.925,0
54.973,0
55.036,0
55.098,0
55.162,0
55.226,0
55.274,0
55.322,0
55.386,0
55.434,0
55.481,0
55.528,0
55.559,0
55.607,0
55.655,0
55.703,0
55.751,0
55.799,0
55.846,0
55.877,0
55.909,0
55.957,0
56.005,0
56.053,0
56.101,0
56.133,0
56.181,0
56.212,0
56.26,0
56.308,0
56.356,0
56.404,0
56.436,0
56.484,0
56.531,0
56.578,0
56.626,0
56.674,0
56.706,0
56.754,0
56.802,0
56.834,0
56.881,0
56.929,0
56.961,0
57.008,0
57.056,0
57.104,0
57.136,0
57.184,0
57.232,0
57.264,0
57.312,0
57.359,0
57.391,0
57.423,0
57.471,0
57.518,0
57.566,0
57.598,0
57.63,0
57.677,0
57.724,0
57.772,0
57.804,0
57.851,0
57.914,0
57.978,0
58.042,0
58.105,0
58.169,0
58.233,0
58.297,0
58.361,0
58.409,0
58.472,0
58.536,0
58.584,0
58.632,0
58.68,0
58.744,0
58.792,0
58.855,0
58.887,0
58.935,0
58.999,0
59.062,0
59.11,0
59.174,0
59.221,0
59.268,0
59.332,0
59.38,0
59.428,0
59.492,0
59.556,0
59.603,0
59.65,0
59.698,0
59.745,0
59.792,0
59.855,0
59.887,0
59.919,0
59.951,0
59.982,0
60.029,0
60.061,0
60.092,0
60.123,0
60.154,0
60.185,0
60.217,0
60.265,0
60.313,0
60.36,0
60.392,0
60.424,0
60.472,0
60.504,0
60.552,0
60.6,0
60.648,0
60.695,0
60.727,0
60.775,0
60.823,0
60.871,0
60.902,0
60.95,0
60.982,0
61.03,0
61.061,0
61.092,0
61.124,0
61.156,0
61.204,0
61.236,0
61.284,0
61.316,0
61.364,0
61.412,0
61.459,0
61.491,0
61.539,0
61.571,0
61.603,0
61.635,0
61.667,0
61.715,0
61.747,0
61.795,0
61.842,0
61.889,0
61.921,0
61.985,0
62.048,0
62.112,0
62.159,0
62.222,0
62.286,0
62.35,0
62.398,0
62.445,0
62.509,0
62.572,0
62.635,0
62.683,0
62.747,0
62.793,0
62.841,0
62.873,0
62.905,0
62.952,0
63.0,0
63.048,0
63.096,0
63.128,0
63.176,52
63.224,5423
63.271,13203
63.318,17242
63.366,19211
63.414,19820
63.445,19659
63.477,19296
63.493,18806
63.524,18526
63.556,17980
63.604,17375
63.652,16478
63.699,15334
63.747,10769
63.795,6897
63.843,4437
63.89,2832
63.938,1844
63.97,1179
64.002,871
64.034,650
64.081,460
64.113,268
64.16,180
64.192,82
64.24,18
64.272,0
64.304,0
64.352,0
64.384,0
64.432,0
64.479,0
64.527,0
64.575,0
64.607,0
64.655,0
64.703,0
64.751,0
64.799,0
64.846,0
64.878,0
64.91,0
64.942,0
64.974,0
65.006,0
65.054,0
65.086,0
65.118,0
65.164,0
65.195,0
65.243,0
65.275,0
65.323,0
65.355,0
65.387,0
65.419,0
65.451,0
65.498,0
65.546,0
65.593,0
65.657,0
65.721,0
65.753,0
65.817,0
65.865,0
65.928,0
65.991,0
66.055,0
66.119,0
66.183,0
66.231,0
66.295,0
66.342,0
66.406,0
66.47,0
66.534,0
66.582,0
66.646,0
66.693,0
66.741,0
66.805,0
66.837,0
66.901,0
66.965,0
67.013,0
67.06,0
67.108,0
67.17,0
67.233,0
67.281,0
67.313,0
67.377,0
67.424,0
67.488,0
67.52,0
67.584,0
67.632,0
67.68,0
67.728,0
67.776,0
67.823,0
67.871,0
67.919,0
67.982,0
68.03,0
68.062,0
68.11,0
68.142,0
68.173,0
68.205,0
68.253,0
68.3,0
68.348,0
68.396,0
68.444,0
68.492,0
68.54,0
68.586,0
68.618,0
68.65,0
68.698,0
68.73,0
68.778,0
68.81,0
68.842,0
68.89,0
68.921,0
68.953,0
68.985,0
69.017,0
69.049,0
69.081,0
69.128,0
69.176,0
69.223,0
69.271,0
69.301,0
69.349,0
69.381,0
69.429,0
69.477,0
69.524,0
69.556,0
69.588,0
69.636,0
69.682,0
69.714,0
69.776,0
69.84,0
69.888,0
69.936,0
69.984,0
70.047,0
70.095,0
70.143,0
70.207,0
70.255,0
70.319,0
70.383,0
70.43,0
70.478,0
70.541,0
70.589,0
70.637,0
70.701,0
70.765,0
70.812,0
70.86,0
70.908,0
70.956,0
71.004,0
71.052,0
71.099,0
71.147,0
71.194,0
71.258,0
71.322,0
71.386,0
71.434,0
71.482,0
71.53,0
71.577,0
71.609,0
71.673,0
71.737,0
71.801,0
71.849,0
71.897,0
71.96,0
72.023,0
72.087,0
72.151,0
72.215,0
72.247,0
72.31,0
72.358,0
72.406,0
72.454,0
72.518,0
72.582,0
72.63,0
72.693,0
72.757,0
72.821,0
72.885,0
72.949,0
72.997,0
73.044,0
73.108,0
73.156,0
73.204,0
73.268,0
73.316,0
73.364,0
73.412,0
73.475,0
73.539,0
73.603,0
73.651,0
73.715,0
73.763,0
73.81,0
73.874,0
73.921,0
73.953,0
73.985,0
74.017,0
74.065,0
74.113,0
74.145,0
74.176,0
74.208,0
74.239,0
74.271,0
74.319,0
74.351,0
74.383,0
74.415,0
74.463,0
74.495,0
74.527,0
74.557,0
74.589,0
74.621,0
74.653,0
74.685,0
74.717,0
74.765,0
74.797,0
74.829,0
74.861,0
74.893,0
74.94,0
74.972,0
75.004,0
75.052,0
75.099,0
75.131,0
75.179,0
75.211,0
75.242,0
75.274,0
75.321,0
75.369,0
75.417,0
75.449,0
75.481,0
75.513,0
75.545,0
75.561,0
75.609,0
75.641,0
75.673,0
75.704,0
75.736,0
75.751,0
75.783,0
75.815,0
75.847,0
75.879,0
75.927,0
75.959,0
75.99,0
76.038,0
76.069,0
76.117,0
76.133,0
76.165,0
76.213,0
76.26,0
76.292,0
76.34,0
76.372,0
76.404,0
76.436,0
76.467,0
76.499,0
76.547,0
76.595,0
76.627,0
76.659,0
76.691,0
76.754,0
76.802,0
76.848,0
76.895,0
76.942,0
76.99,0
77.053,0
77.117,0
77.164,0
77.228,0
77.276,0
77.324,0
77.388,0
77.452,0
77.5,0
77.547,0
77.611,0
77.675,0
77.723,0
77.787,0
77.835,0
77.898,0
77.962,0
78.01,0
78.058,0
78.122,0
78.186,0
78.234,0
78.297,0
78.361,0
78.409,0
78.457,0
78.489,0
78.553,0
78.617,0
78.664,0
78.712,0
78.775,0
78.823,0
78.871,0
78.935,0
78.983,0
79.029,0
79.061,0
79.093,0
79.141,0
79.173,0
79.221,0
79.269,0
79.3,0
79.347,0
79.394,0
79.44,0
79.487,0
79.519,0
79.551,0
79.583,0
79.615,0
79.647,0
79.679,0
79.711,0
79.759,0
79.806,0
79.837,0
79.869,0
79.885,0
79.933,0
79.965,0
80.013,0
80.045,0
80.077,0
80.093,0
80.139,0
80.187,0
80.219,0
80.267,0
80.315,0
80.362,0
80.426,0
80.49,0
80.553,0
80.617,0
80.681,0
80.745,0
80.793,0
80.857,0
80.92,0
80.983,0
81.031,0
81.095,0
81.158,0
81.206,0
81.269,0
81.333,0
81.381,0
81.445,0
81.508,0
81.572,0
81.635,0
81.699,0
81.747,0
81.811,0
81.859,0
81.923,0
81.985,0
82.049,0
82.113,0
82.177,0
82.241,0
82.289,0
82.352,0
82.416,0
82.479,0
82.543,0
82.591,0
82.639,0
82.67,0
82.702,0
82.749,0
82.797,0
82.829,0
82.861,0
82.909,0
82.941,0
82.973,0
83.005,0
83.053,0
83.099,0
83.147,0
83.195,0
83.227,0
83.275,0
83.321,0
83.368,0
83.4,0
83.448,0
83.48,0
83.528,0
83.576,0
83.624,0
83.655,0
83.703,0
83.751,0
83.767,0
83.815,0
83.863,0
83.895,0
83.927,0
83.975,0
84.007,0
84.038,0
84.086,0
84.134,0
84.166,0
84.214,0
84.23,0
84.262,0
84.294,0
84.342,0
84.39,0
84.437,0
84.485,0
84.532,0
84.564,0
84.612,0
84.66,0
84.708,0
84.756,0
84.771,0
84.819,0
84.867,0
84.914,0
84.946,0
84.978,0
85.026,0
85.074,0
85.106,0
85.138,0
85.186,0
85.218,0
85.28,0
85.343,0
85.391,0
85.423,0
85.47,0
85.534,0
85.598,0
85.661,0
85.725,0
85.789,0
85.853,0
85.917,0
85.964,0
86.012,0
86.075,0
86.107,0
86.154,0
86.218,0
86.282,0
86.331,0
86.378,0
86.441,0
86.505,0
86.569,0
86.617,0
86.681,0
86.729,0
86.792,0
86.856,0
86.92,0
86.968,0
87.032,0
87.096,0
87.143,0
87.207,0
87.271,0
87.334,0
87.398,0
87.46,0
87.508,0
87.555,0
87.603,0
87.651,0
87.699,0
87.73,0
87.762,0
87.794,0
87.826,0
87.857,0
87.905,0
87.953,0
88.0,0
88.03,0
88.062,0
88.109,0
88.157,0
88.205,0
88.253,0
88.301,0
88.349,0
88.381,0
88.428,0
88.475,0
88.522,0
88.57,0
88.602,0
88.65,0
88.698,0
88.73,0
88.778,0
88.826,0
88.872,0
88.92,0
88.968,0
89.031,0
89.095,0
89.159,0
89.222,0
89.286,0
89.35,0
89.414,0
89.462,0
89.526,0
89.59,0
89.653,0
89.717,0
89.781,0
89.845,0
89.909,0
89.972,0
90.035,0
90.082,0
90.129,0
90.177,0
90.24,0
90.288,0
90.335,0
90.366,0
90.414,0
90.461,0
90.493,0
90.524,0
90.572,0
90.62,0
90.652,0
90.684,0
90.716,0
90.746,0
90.777,0
90.825,0
90.857,0
90.905,0
90.937,0
90.983,0
91.015,0
91.046,0
91.093,0
91.141,0
91.173,0
91.205,0
91.237,0
91.285,0
91.333,0
91.38,0
91.412,0
91.474,0
91.521,0
91.585,0
91.617,0
91.665,0
91.728,0
91.792,0
91.855,0
91.919,0
91.983,0
92.047,0
92.111,0
92.159,0
92.222,0
92.27,0
92.334,0
92.398,0
92.444,0
92.492,0
92.556,0
92.619,0
92.683,0
92.747,0
92.794,0
92.857,0
92.905,0
92.953,0
92.984,0
93.016,0
93.048,0
93.08,0
93.128,0
93.176,0
93.207,0
93.255,0
93.303,0
93.335,0
93.381,0
93.429,0
93.46,0
93.492,0
93.524,0
93.54,0
93.588,0
93.619,0
93.635,0
93.667,0
93.699,0
93.746,0
93.778,0
93.826,0
93.858,0
93.89,0
93.938,0
93.97,0
94.018,0
94.05,0
94.082,0
94.13,0
94.177,0
94.209,0
94.257,0
94.304,0
94.336,0
94.384,0
94.432,0
94.464,0
94.496,0
94.528,0
94.559,0
94.591,0
94.639,0
94.671,0
94.703,0
94.734,0
94.766,0
94.814,0
94.862,0
94.894,0
94.925,0
94.957,0
95.005,0
95.037,0
95.069,0
95.101,0
95.133,0
95.181,0
95.213,0
95.244,0
95.307,0
95.354,0
95.417,0
95.465,0
95.513,0
95.561,0
95.609,0
95.657,0
95.704,0
95.768,0
95.832,0
95.88,0
95.928,0
95.992,0
96.056,0
96.119,0
96.182,0
96.245,0
96.308,0
96.356,0
96.404,0
96.467,0
96.531,0
96.579,0
96.627,0
96.675,0
96.723,0
96.771,0
96.834,0
96.897,0
96.945,0
97.009,0
97.057,0
97.105,0
97.153,0
97.217,0
97.28,0
97.312,0
97.36,0
97.424,0
97.488,0
97.536,0
97.568,0
97.615,0
97.631,0
97.679,0
97.695,0
97.743,0
97.775,0
97.807,0
97.855,0
97.887,0
97.919,0
97.95,0
97.997,0
98.029,0
98.061,0
98.109,0
98.141,0
98.173,0
98.204,0
98.252,0
98.284,0
98.315,0
98.363,0
98.394,0
98.442,0
98.474,0
98.522,0
98.554,0
98.586,0
98.618,0
98.666,0
98.714,0
98.746,0
98.777,0
98.809,0
98.841,0
98.889,0
98.937,0
98.969,0
99.001,0
99.033,0
99.065,0
99.097,0
99.143,0
99.175,0
99.223,0
99.271,0
99.319,0
99.367,0
99.383,0
99.431,0
99.463,0
99.51,0
99.557,0
99.589,0
99.621,0
99.669,0
99.717,0
99.765,0
99.796,0
99.844,0
99.891,0
99.923,0
99.955,0
99.987,0
100.019,0
100.067,0
100.115,0
100.163,0
100.195,0
100.227,0
100.258,0
100.29,0
100.322,0
100.37,0
100.386,0
100.434,0
100.466,0
100.498,0
100.53,0
100.578,0
100.61,0
100.641,0
100.689,0
100.737,0
100.785,0
100.833,0
100.865,0
100.913,0
100.961,0
100.992,0
101.04,0
101.072,0
101.12,0
101.152,0
101.2,0
101.248,0
101.296,0
101.344,0
101.391,0
101.439,0
101.486,0
101.534,0
101.566,0
101.614,0
101.646,0
101.694,0
101.741,0
101.773,0
101.821,0
101.869,0
101.933,0
101.98,0
102.027,0
102.091,0
102.153,0
102.201,0
102.249,0
102.297,0
102.345,0
102.409,0
102.473,0
102.536,0
102.6,0
102.648,0
102.712,0
102.776,0
102.84,0
102.903,0
102.966,0
103.029,0
103.093,0
103.14,0
103.188,0
103.236,0
103.3,0
103.363,0
103.427,0
103.475,0
103.522,0
103.554,0
103.601,0
103.633,0
103.681,0
103.713,0
103.761,0
103.808,0
103.856,0
103.904,0
103.936,0
103.984,0
104.031,0
104.079,0
104.127,0
104.159,0
104.191,0
104.223,0
104.271,0
104.303,0
104.351,0
104.398,0
104.446,0
104.478,0
104.51,0
104.542,0
104.59,0
104.622,0
104.654,0
104.686,0
104.718,0
104.75,0
104.797,0
104.828,0
104.876,0
104.924,0
104.972,0
105.02,0
105.051,0
105.083,0
105.13,0
105.162,0
105.194,0
105.226,0
105.258,0
105.306,0
105.338,0
105.385,0
105.433,0
105.465,0
105.497,0
105.513,0
105.559,0
105.607,0
105.639,0
105.671,0
105.703,0
105.735,0
105.783,0
105.831,0
105.863,0
105.894,0
105.925,0
105.972,0
106.036,0
106.084,0
106.148,0
106.212,0
106.275,0
106.338,0
106.386,0
106.434,0
106.498,0
106.562,0
106.61,0
106.657,0
106.721,0
106.769,0
106.817,0
106.865,0
106.913,0
106.961,0
107.024,0
107.056,0
107.104,0
107.168,0
107.232,0
107.28,0
107.328,0
107.392,0
107.439,0
107.503,0
107.567,0
107.631,0
107.679,0
107.743,0
107.791,0
107.854,0
107.918,0
107.982,0
108.03,0
108.094,0
108.158,0
108.205,0
108.269,0
108.333,0
108.381,0
108.445,0
108.493,0
108.541,0
108.588,0
108.652,0
108.7,0
108.748,0
108.795,0
108.859,0
108.923,0
108.97,0
109.034,0
109.082,0
109.129,0
109.193,0
109.241,0
109.305,0
109.353,0
109.417,0
109.465,0
109.528,0
109.576,0
109.624,0
109.672,0
109.719,0
109.782,0
109.814,0
109.845,0
109.893,0
109.941,0
109.973,0
110.005,0
110.053,0
110.085,0
110.117,0
110.165,0
110.197,0
110.228,0
110.276,0
110.323,0
110.355,0
110.403,0
110.435,0
110.483,0
110.515,0
110.563,0
110.61,0
110.642,0
110.69,0
110.738,0
110.77,0
110.816,0
110.848,0
110.896,0
110.944,0
110.975,0
110.991,0
111.039,0
111.071,0
111.119,0
111.167,0
111.183,0
111.215,0
111.263,0
111.295,0
111.326,0
111.358,0
111.406,0
111.454,0
111.486,0
111.534,0
111.566,0
111.614,0
111.646,0
111.678,0
111.709,0
111.757,0
111.789,0
111.82,0
111.868,0
111.9,0
111.932,0
111.979,0
112.027,0
112.059,0
112.09,0
112.138,0
112.185,0
112.232,0
112.264,0
112.296,0
112.344,0
112.376,0
112.424,0
112.455,0
112.503,0
112.535,0
112.582,0
112.646,0
112.694,0
112.757,0
112.82,0
112.883,0
112.947,0
112.994,0
113.058,0
113.121,0
113.185,0
113.232,0
113.296,0
113.359,0
113.407,0
113.47,0
113.518,0
113.581,0
113.613,0
113.677,0
113.741,0
113.804,0
113.85,0
113.882,0
113.93,0
113.977,0
114.009,0
114.057,0
114.073,0
114.105,0
114.137,0
114.185,0
114.217,0
114.265,0
114.297,0
114.344,0
114.392,0
114.424,0
114.456,0
114.488,0
114.536,0
114.568,0
114.6,0
114.648,0
114.68,0
114.712,0
114.744,0
114.775,0
114.807,0
114.839,0
114.887,0
114.919,0
114.951,0
114.983,0
115.015,0
115.047,0
115.079,0
115.111,0
115.159,0
115.175,0
115.206,0
115.238,0
115.27,0
115.302,0
115.334,0
115.366,0
115.398,0
115.446,0
115.478,0
115.526,0
115.557,0
115.605,0
115.637,0
115.684,0
115.716,0
115.748,0
115.78,0
115.828,0
115.876,0
115.923,0
115.955,0
115.986,0
116.033,0
116.081,0
116.128,0
116.176,0
116.208,0
116.239,0
116.286,0
116.333,0
116.381,0
116.445,0
116.509,0
116.556,0
116.62,0
116.667,0
116.715,0
116.779,0
116.827,0
116.891,0
116.955,0
117.019,0
117.081,0
117.129,0
117.177,0
117.225,0
117.289,0
117.352,0
117.4,0
117.464,0
117.512,0
117.56,0
117.623,0
117.671,0
117.719,0
117.783,0
117.847,0
117.911,0
117.958,0
118.006,0
118.07,0
118.134,0
118.198,0
118.23,0
118.278,0
118.325,0
118.389,0
118.453,0
118.515,0
118.579,0
118.643,0
118.707,0
118.77,0
118.802,0
118.85,0
118.88,0
118.928,0
118.976,0
119.024,0
119.056,0
119.088,0
119.136,0
119.183,0
119.23,0
119.246,0
119.295,0
119.342,0
119.39,0
119.438,0
119.47,0
119.502,0
119.534,0
119.582,0
119.629,0
119.677,0
119.725,0
119.757,0
119.789,0
119.836,0
119.868,0
119.916,0
119.963,0
120.011,0
120.059,0
120.107,0
120.139,0
120.187,0
120.235,0
120.266,0
120.313,0
120.345,0
120.361,0
120.377,0
120.425,0
120.473,0
120.504,0
120.552,0
120.6,0
120.633,0
120.68,0
120.727,0
120.759,0
120.791,0
120.823,0
120.855,0
120.903,0
120.951,0
120.999,0
121.046,0
121.077,0
121.125,0
121.173,0
121.22,0
121.284,0
121.332,0
121.396,0
121.443,0
121.507,0
121.555,0
121.619,0
121.683,0
121.746,0
121.809,0
121.856,0
121.92,0
121.984,0
122.048,0
122.096,0
122.144,0
122.207,0
122.271,0
122.303,0
122.367,0
122.415,0
122.478,0
122.542,0
122.589,0
122.653,0
122.717,0
122.78,0
122.844,0
122.908,0
122.955,0
123.019,0
123.083,0
123.131,0
123.179,0
123.243,0
123.306,0
123.354,0
123.418,0
123.466,0
123.53,0
123.578,0
123.642,0
123.689,0
123.736,0
123.784,0
123.832,0
123.896,0
123.944,0
124.008,0
124.056,0
124.119,0
124.183,0
124.247,0
124.311,0
124.359,0
124.407,0
124.454,0
124.502,0
124.55,0
124.614,0
124.645,0
124.693,0
124.725,0
124.773,0
124.82,0
124.852,0
124.884,0
124.932,0
124.963,0
125.01,0
125.041,0
125.073,0
125.105,0
125.153,0
125.185,0
125.233,0
125.281,0
125.328,0
125.36,0
125.408,0
125.456,0
125.503,0
125.535,0
125.583,0
125.615,0
125.663,0
125.694,0
125.742,0
125.79,0
125.838,0
125.87,0
125.918,0
125.966,0
125.998,0
126.046,0
126.093,0
126.141,0
126.189,0
126.237,0
126.285,0
126.333,0
126.381,0
126.428,0
126.46,0
126.508,0
126.556,0
126.588,0
126.635,0
126.683,0
126.731,0
126.779,0
126.826,0
126.858,0
126.905,0
126.937,0
126.969,0
127.017,0
127.049,0
127.097,0
127.129,0
127.176,0
127.208,0
127.256,0
127.287,0
127.335,0
127.383,0
127.431,0
127.495,0
127.558,0
127.606,0
127.669,0
127.733,0
127.797,0
127.861,0
127.909,0
127.956,0
128.02,0
128.084,0
128.148,0
128.212,0
128.276,0
128.339,0
128.387,0
128.435,0
128.499,0
128.563,0
128.627,0
128.674,0
128.722,0
128.786,0
128.833,0
128.897,0
128.961,0
129.025,0
129.088,0
129.136,0
129.184,0
129.248,0
129.312,0
129.376,0
129.439,0
129.503,0
129.567,0
129.631,0
129.679,0
129.743,0
129.79,0
129.838,0
129.902,0
129.95,0
130.014,0
130.078,0
130.126,0
130.189,0
130.253,0
130.301,0
130.365,0
130.413,0
130.477,0
130.539,0
130.603,0
130.666,0
130.714,0
130.778,0
130.826,0
130.89,0
130.953,0
131.001,0
131.065,0
131.113,0
131.176,0
131.224,0
131.286,0
131.318,0
131.35,0
131.397,0
131.445,0
131.477,0
131.524,0
131.571,0
131.603,0
131.635,0
131.667,0
131.698,0
131.73,0
131.762,0
131.793,0
131.825,0
131.872,0
131.92,0
131.967,0
132.015,0
132.062,0
132.11,0
132.157,0
132.189,0
132.237,0
132.269,0
132.317,0
132.349,0
132.381,0
132.413,0
132.461,0
132.508,0
132.571,0
132.635,0
132.699,0
132.763,0
132.827,0
132.875,0
132.938,0
133.002,0
133.066,0
133.13,0
133.178,0
133.226,0
133.289,0
133.353,0
133.385,0
133.433,0
133.497,0
133.545,0
133.592,0
133.64,0
133.703,0
133.751,0
133.815,0
133.877,0
133.941,0
134.004,0
134.068,0
134.116,0
134.162,0
134.21,0
134.258,0
134.305,0
134.337,0
134.369,0
134.416,0
134.448,0
134.48,0
134.527,0
134.559,0
134.607,0
134.655,0
134.687,0
134.735,0
134.767,0
134.799,0
134.847,0
134.879,0
134.91,0
134.942,0
134.974,0
135.006,0
135.038,0
135.054,0
135.086,0
135.134,0
135.182,0
135.23,0
135.277,0
135.309,0
135.357,0
135.405,0
135.453,0
135.485,0
135.533,0
135.565,0
135.597,0
135.629,0
135.677,0
135.709,0
135.74,0
135.788,0
135.82,0
135.852,0
135.884,0
135.932,0
135.98,0
135.996,0
136.044,0
136.075,0
136.123,0
136.171,0
136.219,0
136.267,0
136.299,0
136.331,0
136.379,0
136.411,0
136.443,0
136.49,0
136.538,0
136.57,0
136.618,0
136.65,0
136.682,0
136.714,0
136.746,0
136.794,0
136.841,0
136.889,0
136.921,0
136.953,0
136.985,0
137.017,0
137.065,0
137.113,0
137.161,0
137.208,0
137.24,0
137.288,0
137.32,0
137.352,0
137.4,0
137.432,0
137.464,0
137.496,0
137.528,0
137.56,0
137.607,0
137.639,0
137.671,0
137.703,0
137.735,0
137.767,0
137.799,0
137.847,0
137.878,0
137.926,0
137.957,0
138.005,0
138.037,0
138.085,0
138.133,0
138.181,0
138.229,0
138.277,0
138.325,0
138.355,0
138.387,0
138.418,0
138.466,0
138.513,0
138.545,0
138.593,0
138.625,0
138.657,0
138.703,0
138.766,0
138.829,0
138.893,0
138.957,0
139.021,0
139.084,0
139.147,0
139.211,0
139.259,0
139.323,0
139.371,0
139.419,0
139.481,0
139.528,0
139.59,0
139.622,0
139.638,0
139.686,0
139.734,0
139.766,0
139.814,0
139.86,0
139.908,0
139.956,0
139.988,0
140.02,0
140.068,0
140.1,0
140.148,0
140.196,0
140.227,0
140.259,0
140.307,0
140.355,0
140.403,0
140.435,0
140.483,0
140.515,0
140.563,0
140.594,0
140.642,0
140.674,0
140.706,0
140.754,0
140.802,0
140.85,0
140.882,0
140.914,0
140.961,0
141.009,0
141.057,0
141.105,0
141.153,0
141.185,0
141.233,0
141.281,0
141.328,0
141.376,0
141.424,0
141.471,0
141.519,0
141.567,0
141.615,0
141.663,0
141.709,0
141.741,0
141.773,0
141.804,0
141.852,0
141.884,0
141.916,0
141.964,0
142.012,0
142.028,0
142.076,0
142.107,0
142.155,0
142.187,0
142.219,0
142.267,0
142.299,0
142.315,0
142.363,0
142.411,0
142.459,0
142.505,0
142.553,0
142.585,0
142.617,0
142.665,0
142.712,0
142.744,0
142.791,0
142.823,0
142.854,0
142.902,0
142.965,0
143.029,0
143.093,0
143.141,0
143.205,0
143.268,0
143.316,0
143.38,0
143.444,0
143.506,0
143.57,0
143.634,0
143.697,0
143.76,0
143.808,0
143.872,0
143.919,0
143.967,0
144.014,0
144.077,0
144.125,0
144.173,0
144.237,0
144.3,0
144.348,0
144.412,0
144.475,0
144.522,0
144.554,0
144.586,0
144.602,0
144.65,0
144.698,0
144.73,0
144.762,0
144.794,0
144.841,0
144.887,0
144.919,0
144.951,0
144.998,0
145.045,0
145.077,0
145.125,0
145.157,0
145.189,0
145.235,0
145.267,0
145.314,0
145.345,0
145.377,0
145.425,0
145.457,0
145.505,0
145.536,0
145.584,0
145.646,0
145.693,0
145.757,0
145.805,0
145.869,0
145.917,0
145.979,0
146.042,0
146.106,0
146.169,0
146.217,0
146.281,0
146.345,0
146.392,0
146.423,0
146.471,0
146.519,0
146.551,0
146.599,0
146.631,0
146.663,0
146.695,0
146.727,0
146.775,0
146.806,0
146.854,0
146.902,0
146.934,0
146.966,0
146.998,0
147.046,0
147.094,0
147.142,0
147.189,0
147.221,0
147.269,0
147.316,0
147.348,0
147.38,0
147.428,0
147.46,0
147.492,0
147.524,0
147.571,0
147.635,0
147.683,0
147.73,0
147.762,0
147.81,0
147.858,0
147.905,0
147.953,0
148.001,0
148.033,0
148.065,0
148.113,0
148.145,0
148.193,0
148.209,0
148.257,0
148.304,0
148.336,0
148.384,0
148.432,0
148.464,0
148.512,0
148.56,0
148.608,0
148.655,0
148.687,0
148.719,0
148.767,0
148.799,0
148.831,0
148.879,0
148.911,0
148.943,0
148.975,0
149.007,0
149.038,0
149.086,0
149.118,0
149.166,0
149.198,0
149.246,0
149.278,0
149.31,0
149.342,0
149.39,0
149.437,0
149.485,0
149.517,0
149.549,0
149.58,0
149.612,0
149.644,0
149.691,0
149.723,0
149.755,0
149.786,0
149.834,0
149.882,0
149.929,0
149.961,0
149.993,0
150.025,0
150.057,0
150.105,0
150.137,0
150.168,0
150.2,0
150.248,0
150.296,0
150.327,0
150.375,0
150.407,0
150.439,0
150.471,0
150.503,0
150.551,0
150.599,0
150.631,0
150.663,0
150.711,0
150.743,0
150.774,0
150.806,0
150.838,0
150.87,0
150.902,0
150.95,0
150.982,0
151.045,0
151.109,0
151.172,0
151.22,0
151.268,0
151.331,0
151.395,0
151.459,0
151.522,0
151.585,0
151.649,0
151.696,0
151.76,0
151.807,0
151.87,0
151.933,0
151.997,0
152.06,0
152.108,0
152.156,0
152.203,0
152.235,0
152.266,0
152.314,0
152.361,0
152.393,0
152.44,0
152.488,0
152.52,0
152.552,0
152.6,0
152.631,0
152.679,0
152.727,0
152.759,0
152.791,0
152.823,0
152.855,0
152.887,0
152.935,0
152.967,0
153.014,0
153.062,0
153.094,0
153.126,0
153.173,0
153.205,0
153.237,0
153.285,0
153.317,0
153.349,0
153.381,0
153.413,0
153.445,0
153.477,0
153.524,0
153.572,0
153.604,0
153.636,0
153.684,0
153.716,0
153.748,0
153.78,0
153.828,0
153.86,0
153.891,0
153.923,0
153.971,0
154.003,0
154.035,0
154.083,0
154.13,0
154.162,0
154.21,0
154.257,0
154.305,0
154.353,0
154.385,0
154.417,0
154.465,0
154.496,0
154.528,0
154.576,0
154.608,0
154.64,0
154.672,0
154.704,0
154.752,0
154.799,0
154.831,0
154.878,0
154.926,0
154.958,0
155.006,0
155.054,0
155.101,0
155.148,0
155.196,0
155.259,0
155.323,0
155.385,0
155.447,0
155.511,0
155.575,0
155.638,0
155.701,0
155.765,0
155.813,0
155.861,0
155.909,0
155.957,0
156.02,0
156.084,0
156.148,0
156.196,0
156.26,0
156.324,0
156.388,0
156.45,0
156.482,0
156.545,0
156.577,0
156.609,0
156.657,0
156.705,0
156.737,0
156.784,0
156.832,0
156.878,0
156.926,0
156.974,0
157.006,0
157.038,0
157.069,0
157.101,0
157.148,0
157.18,0
157.228,0
157.26,0
157.308,0
157.356,0
157.403,0
157.451,0
157.499,0
157.53,0
157.562,0
157.61,0
157.658,0
157.706,0
157.753,0
157.8,0
157.848,0
157.895,0
157.927,0
157.959,0
158.007,0
158.055,0
158.087,0
158.135,0
158.183,0
158.23,0
158.293,0
158.357,0
158.405,0
158.453,0
158.5,0
158.547,0
158.595,0
158.658,0
158.706,0
158.754,0
158.802,0
158.849,0
158.88,0
158.943,0
158.991,0
159.038,0
159.086,0
159.133,0
159.181,0
159.228,0
159.26,0
159.292,0
159.324,0
159.356,0
159.403,0
159.451,0
159.483,0
159.515,0
159.547,0
159.578,0
159.61,0
159.658,0
159.706,0
159.738,0
159.785,0
159.833,0
159.864,0
159.896,0
159.944,0
160.008,0
160.056,0
160.104,0
160.151,0
160.183,0
160.215,0
160.263,0
160.295,0
160.327,0
160.359,0
160.391,0
160.439,0
160.471,0
160.503,0
160.534,0
160.582,0
160.629,0
160.676,0
160.724,0
160.772,0
160.804,0
160.836,0
160.868,0
160.899,0
160.947,0
160.979,0
161.027,0
161.059,0
161.107,0
161.139,0
161.187,0
161.218,0
161.25,0
161.298,0
161.346,0
161.394,0
161.457,0
161.505,0
161.553,0
161.585,0
161.633,0
161.681,0
161.729,0
161.76,0
161.808,0
161.855,0
161.887,0
161.919,0
161.951,0
161.983,0
162.03,0
162.078,0
162.11,0
162.174,0
162.221,0
162.285,0
162.349,0
162.413,0
162.477,0
162.525,0
162.588,0
162.652,0
162.7,0
162.764,0
162.827,0
162.875,0
162.923,0
162.97,0
163.034,0
163.098,0
163.161,0
163.224,0
163.272,0
163.336,0
163.399,0
163.463,0
163.527,0
163.574,0
163.638,0
163.702,0
163.749,0
163.797,0
163.861,0
163.925,0
163.989,0
164.053,0
164.117,0
164.18,0
164.244,0
164.292,0
164.356,0
164.42,0
164.484,0
164.547,0
164.611,0
164.675,0
164.723,0
164.77,0
164.834,0
164.897,0
164.945,0
165.008,0
165.056,0
165.104,0
165.152,0
165.2,0
165.248,0
165.279,0
165.327,0
165.375,0
165.438,0
165.486,0
165.534,0
165.581,0
165.629,0
165.677,0
165.725,0
165.757,0
165.805,0
165.853,0
165.9,0
165.932,0
165.98,0
166.028,0
166.076,0
166.107,0
166.155,0
166.203,0
166.251,0
166.298,0
166.346,0
166.378,0
166.426,0
166.457,0
166.489,0
166.521,0
166.568,0
166.616,0
166.663,0
166.711,0
166.743,0
166.791,0
166.838,0
166.87,0
166.902,0
166.95,0
166.998,0
167.045,0
167.093,0
167.141,0
167.188,0
167.218,0
167.282,0
167.345,0
167.408,0
167.472,0
167.52,0
167.583,0
167.647,0
167.695,0
167.742,0
167.805,0
167.852,0
167.9,0
167.948,0
167.996,0
168.06,0
168.123,0
168.187,0
168.235,0
168.299,0
168.363,0
168.411,0
168.474,0
168.522,0
168.57,0
168.634,0
168.698,0
168.762,0
168.826,0
168.889,0
168.953,0
169.017,0
169.065,0
169.113,0
169.161,0
169.208,0
169.256,0
169.319,0
169.383,0
169.445,0
169.477,0
169.525,0
169.557,0
169.604,0
169.652,0
169.7,0
169.748,0
169.795,0
169.827,0
169.874,0
169.922,0
169.969,0
170.017,0
170.065,0
170.113,0
170.161,0
170.193,0
170.241,0
170.273,0
170.305,0
170.352,0
170.4,0
170.432,0
170.48,0
170.512,0
170.56,0
170.608,0
170.656,0
170.704,0
170.751,0
170.783,0
170.829,0
170.877,0
170.909,0
170.957,0
171.005,0
171.053,0
171.1,0
171.148,0
171.196,0
171.244,0
171.276,0
171.324,0
171.356,0
171.404,0
171.452,0
171.483,0
171.515,0
171.547,0
171.595,0
171.643,0
171.691,0
171.739,0
171.771,0
171.818,0
171.866,0
171.898,0
171.945,0
171.993,0
172.04,0
172.104,0
172.168,0
172.231,0
172.279,0
172.343,0
172.407,0
172.471,0
172.518,0
172.579,0
172.643,0
172.707,0
172.771,0
172.835,0
172.883,0
172.946,0
173.01,0
173.074,0
173.138,0
173.186,0
173.249,0
173.311,0
173.375,0
173.439,0
173.502,0
173.55,0
173.598,0
173.646,0
173.694,0
173.742,0
173.774,0
173.821,0
173.869,0
173.917,0
173.965,0
173.997,0
174.029,0
174.077,0
174.141,0
174.187,0
174.235,0
174.267,0
174.315,0
174.363,0
174.411,0
174.459,0
174.507,0
174.554,0
174.601,0
174.649,0
174.697,0
174.729,0
174.777,0
174.824,0
174.856,0
174.888,0
174.935,0
174.983,0
175.031,0
175.079,0
175.111,0
175.159,0
175.207,0
175.255,0
175.302,0
175.334,0
175.381,0
175.429,0
175.461,0
175.509,0
175.556,0
175.604,0
175.652,0
175.699,0
175.747,0
175.779,0
175.811,0
175.843,0
175.89,0
175.922,0
175.97,0
176.018,0
176.065,0
176.113,0
176.145,0
176.193,0
176.225,0
176.273,0
176.305,0
176.337,0
176.385,0
176.432,0
176.479,0
176.527,0
176.575,0
176.639,0
176.703,0
176.767,0
176.83,0
176.894,0
176.958,0
177.022,0
177.07,0
177.134,0
177.198,0
177.261,0
177.325,0
177.373,0
177.421,0
177.485,0
177.548,0
177.58,0
177.643,0
177.706,0
177.77,0
177.834,0
177.866,0
177.914,0
177.978,0
178.025,0
178.088,0
178.152,0
178.216,0
178.28,0
178.344,0
178.391,0
178.455,0
178.503,0
178.567,0
178.631,0
178.679,0
178.743,0
178.806,0
178.87,0
178.918,0
178.966,0
179.03,0
179.078,0
179.141,0
179.189,0
179.253,0
179.317,0
179.365,0
179.429,0
179.493,0
179.556,0
179.62,0
179.684,0
179.732,0
179.796,0
179.843,0
179.889,0
179.937,0
180.001,0
