tijd,meetwaarde
0.027,0
0.041,0
0.057,0
0.074,0
0.088,0
0.101,0
0.12,0
0.139,0
0.155,0
0.167,0
0.187,0
0.198,0
0.217,0
0.232,0
0.248,0
0.262,0
0.277,0
0.296,0
0.314,0
0.329,0
0.341,0
0.36,0
0.379,0
0.39,0
0.411,0
0.425,0
0.439,0
0.457,0
0.471,0
0.485,0
0.502,0
0.52,0
0.535,0
0.553,0
0.568,0
0.582,0
0.597,0
0.613,0
0.628,0
0.644,0
0.661,0
0.679,0
0.693,0
0.71,0
0.728,0
0.745,0
0.761,0
0.773,0
0.79,0
0.802,0
0.82,0
0.841,0
0.851,0
0.87,0
0.886,0
0.901,0
0.917,0
0.938,0
0.949,0
0.966,0
0.984,0
0.999,0
1.014,0
1.029,0
1.048,0
1.073,0
1.121,0
1.183,0
1.245,0
1.293,0
1.357,0
1.405,0
1.469,0
1.532,0
1.58,0
1.643,0
1.691,0
1.739,0
1.787,0
1.835,0
1.899,0
1.961,0
2.025,0
2.089,0
2.137,0
2.185,0
2.233,0
2.296,0
2.344,0
2.375,0
2.439,0
2.471,0
2.519,0
2.583,0
2.631,0
2.677,0
2.725,0
2.773,0
2.821,0
2.869,0
2.916,0
2.964,0
3.011,0
3.042,0
3.074,0
3.106,0
3.154,0
3.202,0
3.249,0
3.28,0
3.327,0
3.375,0
3.391,0
3.438,0
3.47,0
3.518,0
3.565,0
3.597,0
3.628,0
3.691,0
3.739,0
3.801,0
3.848,0
3.895,0
3.956,0
4.003,0
4.049,0
4.096,0
4.127,0
4.159,0
4.206,0
4.238,0
4.27,0
4.318,0
4.366,0
4.414,0
4.446,0
4.477,0
4.524,0
4.555,0
4.603,0
4.635,0
4.683,0
4.731,0
4.779,0
4.827,0
4.875,0
4.922,0
4.953,0
4.985,0
5.017,0
5.065,0
5.112,0
5.16,0
5.208,0
5.272,0
5.319,0
5.382,0
5.445,0
5.492,0
5.539,0
5.603,0
5.649,0
5.697,0
5.745,0
5.792,0
5.856,0
5.904,0
5.952,0
6.0,0
6.046,0
6.078,0
6.11,0
6.142,0
6.19,0
6.222,0
6.27,0
6.318,0
6.35,0
6.382,0
6.429,0
6.477,0
6.509,0
6.557,0
6.589,0
6.637,0
6.685,0
6.717,0
6.765,0
6.796,0
6.828,0
6.876,0
6.924,0
6.972,0
7.02,0
7.068,0
7.1,0
7.131,0
7.178,0
7.21,0
7.242,0
7.289,0
7.321,0
7.369,0
7.401,0
7.449,0
7.481,0
7.512,0
7.543,0
7.591,0
7.623,0
7.655,0
7.687,0
7.735,0
7.767,0
7.815,0
7.862,0
7.908,0
7.955,0
7.987,0
8.034,0
8.082,0
8.145,0
8.209,0
8.272,0
8.32,0
8.384,0
8.431,0
8.495,0
8.557,0
8.62,0
8.683,0
8.746,0
8.794,0
8.841,0
8.889,0
8.921,0
8.968,0
8.999,0
9.031,0
9.063,0
9.111,0
9.141,0
9.189,0
9.221,0
9.269,0
9.301,0
9.333,0
9.365,0
9.397,0
9.444,0
9.491,0
9.523,0
9.571,0
9.619,0
9.666,0
9.698,0
9.746,0
9.794,0
9.841,0
9.888,0
9.919,0
9.951,0
9.983,0
10.014,0
10.062,0
10.108,0
10.156,0
10.204,0
10.252,0
10.316,0
10.379,0
10.427,0
10.474,0
10.537,0
10.585,0
10.633,0
10.681,0
10.729,0
10.775,0
10.823,0
10.887,0
10.951,0
10.998,0
11.059,0
11.107,0
11.155,0
11.203,0
11.235,0
11.283,0
11.315,0
11.347,0
11.379,0
11.409,0
11.441,0
11.473,0
11.505,0
11.537,0
11.585,0
11.617,0
11.665,0
11.697,0
11.745,0
11.775,0
11.807,0
11.838,0
11.87,0
11.918,0
11.95,0
11.981,0
12.029,0
12.06,0
12.107,0
12.139,0
12.17,0
12.202,0
12.248,0
12.296,0
12.344,0
12.408,0
12.471,0
12.534,0
12.58,0
12.643,0
12.707,0
12.754,0
12.802,0
12.866,0
12.914,0
12.977,0
13.024,0
13.071,0
13.102,0
13.133,0
13.181,0
13.229,0
13.261,0
13.293,0
13.325,0
13.373,0
13.421,0
13.468,0
13.5,0
13.532,0
13.564,0
13.612,0
13.66,0
13.707,0
13.739,0
13.786,0
13.818,0
13.865,0
13.913,0
13.961,0
14.007,0
14.038,0
14.086,0
14.133,0
14.197,0
14.244,0
14.308,0
14.37,0
14.418,0
14.481,0
14.544,0
14.608,0
14.67,0
14.734,0
14.782,0
14.846,0
14.91,0
14.974,0
15.036,0
15.1,0
15.163,0
15.211,0
15.259,0
15.291,0
15.322,0
15.37,0
15.385,0
15.417,0
15.465,0
15.513,0
15.561,0
15.608,0
15.655,0
15.703,0
15.734,0
15.781,0
15.829,0
15.861,0
15.892,0
15.924,0
15.972,0
16.019,0
16.067,0
16.099,0
16.146,0
16.178,0
16.21,0
16.258,0
16.289,0
16.337,0
16.385,0
16.433,0
16.481,0
16.543,0
16.606,0
16.654,0
16.702,0
16.75,0
16.813,0
16.861,0
16.924,0
16.988,0
17.02,0
17.084,0
17.132,0
17.194,0
17.242,0
17.29,0
17.354,0
17.418,0
17.481,0
17.544,0
17.606,0
17.654,0
17.701,0
17.732,0
17.78,0
17.828,0
17.86,0
17.891,0
17.938,0
17.986,0
18.034,0
18.066,0
18.098,0
18.13,0
18.162,0
18.194,0
18.241,0
18.273,0
18.289,0
18.336,0
18.368,0
18.416,0
18.464,0
18.496,0
18.528,0
18.56,0
18.607,0
18.655,0
18.686,0
18.733,0
18.779,0
18.842,0
18.906,0
18.954,0
19.0,0
19.048,0
19.096,0
19.16,0
19.223,0
19.271,0
19.334,0
19.398,0
19.462,0
19.509,0
19.573,0
19.62,0
19.683,0
19.73,0
19.762,0
19.809,0
19.84,0
19.888,0
19.936,0
19.984,0
20.032,0
20.08,0
20.127,0
20.159,0
20.207,0
20.255,0
20.303,0
20.335,0
20.367,0
20.399,0
20.447,0
20.493,0
20.541,0
20.589,0
20.637,0
20.685,0
20.733,0
20.781,0
20.812,0
20.86,0
20.892,0
20.94,0
20.987,0
21.019,0
21.05,0
21.066,0
21.098,0
21.145,0
21.193,0
21.225,0
21.273,0
21.321,0
21.353,0
21.385,0
21.416,0
21.464,0
21.512,0
21.559,0
21.607,0
21.653,0
21.717,0
21.781,0
21.829,0
21.892,0
21.955,0
22.019,0
22.067,0
22.115,0
22.179,0
22.226,0
22.274,0
22.322,0
22.386,0
22.45,0
22.514,0
22.561,0
22.608,0
22.672,0
22.736,0
22.8,0
22.862,0
22.926,0
22.987,0
23.019,0
23.051,0
23.083,0
23.131,0
23.179,0
23.226,0
23.273,0
23.305,0
23.353,0
23.401,0
23.433,0
23.481,0
23.529,0
23.561,0
23.607,0
23.639,0
23.686,0
23.718,0
23.766,0
23.814,0
23.845,0
23.876,0
23.924,0
23.956,0
24.003,0
24.051,0
24.099,0
24.146,0
24.177,0
24.208,0
24.272,0
24.32,0
24.368,0
24.415,0
24.446,0
24.494,0
24.558,0
24.621,0
24.668,0
24.732,0
24.794,0
24.842,0
24.905,0
24.952,0
25.0,0
25.064,0
25.128,0
25.192,0
25.256,0
25.303,0
25.35,0
25.398,0
25.445,0
25.493,0
25.524,0
25.572,0
25.604,0
25.636,0
25.684,0
25.73,0
25.778,0
25.809,0
25.856,0
25.903,0
25.935,0
25.983,0
26.014,0
26.062,0
26.094,0
26.14,0
26.172,0
26.204,0
26.252,0
26.284,0
26.316,0
26.364,0
26.412,0
26.46,0
26.507,0
26.539,0
26.587,0
26.635,0
26.683,0
26.715,0
26.762,0
26.826,0
26.889,0
26.952,0
27.014,0
27.077,0
27.141,0
27.187,0
27.25,0
27.297,0
27.345,0
27.392,0
27.424,0
27.472,0
27.488,0
27.52,0
27.552,0
27.598,0
27.644,0
27.676,0
27.724,0
27.755,0
27.803,0
27.835,0
27.882,0
27.913,0
27.959,0
28.007,0
28.055,0
28.119,0
28.167,0
28.215,0
28.278,0
28.326,0
28.389,0
28.452,0
28.5,0
28.564,0
28.612,0
28.676,0
28.739,0
28.787,0
28.851,0
28.915,0
28.979,0
29.043,0
29.105,0
29.136,23
29.184,1142
29.248,10583
29.296,17054
29.344,19122
29.408,19810
29.472,19519
29.535,18575
29.598,17358
29.662,16220
29.708,12490
29.756,8183
29.804,5267
29.851,3384
29.899,2212
29.947,1416
29.995,907
30.042,565
30.089,355
30.135,197
30.167,105
30.198,49
30.23,6
30.278,0
30.31,0
30.342,0
30.39,0
30.437,0
30.484,0
30.532,0
30.564,0
30.596,0
30.628,0
30.676,0
30.724,0
30.772,0
30.819,0
30.851,0
30.883,0
30.931,0
30.963,0
30.995,0
31.011,0
31.059,0
31.091,0
31.123,0
31.171,0
31.218,0
31.25,0
31.282,0
31.314,0
31.362,0
31.41,0
31.442,0
31.49,0
31.538,0
31.586,0
31.634,0
31.681,0
31.697,0
31.745,0
31.793,0
31.841,0
31.873,0
31.92,0
31.951,0
32.015,0
32.078,0
32.142,0
32.189,0
32.253,0
32.317,0
32.365,0
32.412,0
32.459,0
32.507,0
32.571,0
32.635,0
32.699,0
32.747,0
32.81,0
32.858,0
32.921,0
32.985,0
33.047,0
33.095,0
33.158,0
33.222,0
33.269,0
33.317,0
33.365,0
33.412,0
33.444,0
33.476,0
33.524,0
33.555,0
33.603,0
33.651,0
33.683,0
33.731,0
33.778,0
33.809,0
33.855,0
33.902,0
33.934,0
33.982,0
34.028,0
34.06,0
34.108,0
34.14,0
34.171,0
34.219,0
34.251,0
34.282,0
34.314,0
34.346,0
34.378,0
34.426,0
34.49,0
34.538,0
34.586,0
34.633,0
34.679,0
34.743,0
34.806,0
34.854,0
34.901,0
34.965,0
35.028,0
35.075,0
35.139,0
35.202,0
35.25,0
35.298,0
35.361,0
35.424,0
35.472,0
35.52,0
35.568,0
35.599,0
35.647,0
35.678,0
35.71,0
35.742,0
35.79,0
35.822,0
35.854,0
35.902,0
35.934,0
35.966,0
36.014,0
36.06,0
36.092,0
36.108,0
36.14,0
36.188,0
36.235,0
36.267,0
36.299,0
36.331,0
36.363,0
36.395,0
36.427,0
36.458,0
36.489,0
36.521,0
36.553,0
36.585,0
36.633,0
36.665,0
36.713,0
36.744,0
36.776,0
36.808,0
36.855,0
36.887,0
36.903,0
36.935,0
36.983,0
37.031,0
37.063,0
37.095,0
37.127,0
37.175,0
37.207,0
37.254,0
37.286,0
37.318,0
37.366,0
37.398,0
37.429,0
37.461,0
37.493,0
37.541,0
37.588,0
37.636,0
37.684,0
37.732,0
37.779,0
37.827,0
37.891,0
37.955,0
38.018,0
38.082,0
38.13,0
38.177,0
38.241,0
38.289,0
38.353,0
38.416,0
38.448,0
38.511,0
38.574,0
38.637,0
38.701,0
38.764,0
38.828,0
38.876,0
38.938,0
38.986,0
39.034,0
39.098,0
39.146,0
39.194,0
39.226,0
39.289,0
39.353,0
39.417,0
39.481,0
39.529,0
39.577,0
39.625,0
39.672,0
39.72,0
39.784,0
39.832,0
39.895,0
39.943,0
39.99,0
40.036,0
40.084,0
40.131,0
40.179,0
40.195,0
40.227,0
40.275,0
40.307,0
40.323,0
40.37,0
40.402,0
40.449,0
40.497,0
40.529,0
40.561,0
40.609,0
40.657,0
40.705,0
40.753,0
40.785,0
40.832,0
40.864,0
40.912,0
40.944,0
40.991,0
41.039,0
41.087,0
41.135,0
41.167,0
41.198,0
41.23,0
41.262,0
41.294,0
41.326,0
41.358,0
41.406,0
41.438,0
41.486,0
41.533,0
41.563,0
41.611,0
41.659,0
41.707,0
41.768,0
41.816,0
41.88,0
41.944,0
41.992,0
42.04,0
42.088,0
42.151,0
42.199,0
42.247,0
42.311,0
42.357,0
42.421,0
42.485,0
42.532,0
42.596,0
42.643,0
42.691,0
42.737,0
42.768,0
42.816,0
42.848,0
42.895,0
42.927,0
42.959,0
43.007,0
43.039,0
43.068,0
43.132,0
43.18,0
43.228,0
43.26,0
43.306,0
43.338,0
43.37,0
43.402,0
43.449,0
43.48,0
43.511,0
43.543,0
43.575,0
43.607,0
43.655,0
43.702,0
43.75,0
43.814,0
43.876,0
43.94,0
43.988,0
44.052,0
44.116,0
44.18,0
44.227,0
44.29,0
44.354,0
44.402,0
44.45,0
44.514,0
44.578,0
44.641,0
44.704,0
44.751,0
44.799,0
44.862,0
44.908,0
44.956,0
45.003,0
45.051,0
45.083,0
45.131,0
45.179,0
45.227,0
45.275,0
45.322,0
45.369,0
45.4,0
45.448,0
45.496,0
45.544,0
45.592,0
45.64,0
45.687,0
45.719,0
45.766,0
45.798,0
45.846,0
45.892,0
45.924,0
45.956,0
46.004,0
46.036,0
46.067,0
46.114,0
46.161,0
46.193,0
46.224,0
46.272,0
46.32,0
46.352,0
46.416,0
46.463,0
46.511,0
46.559,0
46.606,0
46.67,0
46.734,0
46.782,0
46.83,0
46.894,0
46.94,0
47.004,0
47.067,0
47.115,0
47.162,0
47.21,0
47.274,0
47.338,0
47.386,0
47.449,0
47.512,0
47.559,0
47.623,0
47.687,0
47.719,0
47.751,0
47.814,0
47.86,0
47.908,0
47.955,0
48.003,0
48.034,0
48.082,0
48.13,0
48.177,0
48.225,0
48.257,0
48.289,0
48.305,0
48.353,0
48.385,0
48.416,0
48.464,0
48.496,0
48.544,0
48.576,0
48.624,0
48.655,0
48.703,0
48.735,0
48.766,0
48.796,0
48.844,0
48.876,0
48.924,0
48.971,0
49.018,0
49.081,0
49.143,0
49.207,0
49.255,0
49.318,0
49.382,0
49.43,0
49.493,0
49.556,0
49.603,0
49.651,0
49.699,0
49.762,0
49.81,0
49.858,0
49.889,0
49.937,0
49.969,0
50.0,0
50.032,0
50.08,0
50.112,0
50.16,0
50.208,0
50.24,0
50.286,0
50.334,0
50.35,0
50.398,0
50.446,0
50.478,0
50.526,0
50.558,0
50.59,0
50.622,0
50.669,0
50.716,0
50.764,0
50.812,0
50.844,0
50.876,0
50.908,0
50.94,0
50.988,0
51.035,0
51.083,0
51.115,0
51.163,0
51.211,0
51.259,0
51.291,0
51.323,0
51.371,0
51.402,0
51.434,0
51.482,0
51.497,0
51.544,0
51.591,0
51.639,0
51.687,0
51.735,0
51.782,0
51.814,0
51.861,0
51.908,0
51.956,0
52.003,0
52.051,0
52.114,0
52.178,0
52.226,0
52.274,0
52.337,0
52.384,0
52.432,0
52.496,0
52.56,0
52.623,0
52.669,0
52.717,0
52.765,0
52.829,0
52.893,0
52.957,0
53.005,0
53.068,0
53.131,0
53.179,0
53.227,0
53.29,0
53.337,0
53.369,0
53.415,0
53.462,0
53.494,0
53.542,0
53.574,0
53.621,0
53.669,0
53.717,0
53.748,0
53.796,0
53.843,0
53.891,0
53.939,0
53.986,0
54.018,0
54.05,0
54.098,0
54.145,0
54.177,0
54.24,0
54.303,0
54.367,0
54.399,0
54.447,0
54.511,0
54.574,0
54.637,0
54.7,0
54.764,0
54.811,0
54.858,0
54.905,0
54.969,0
55.016,0
55.079,0
55.111,0
55.174,0
55.206,0
55.254,0
55.286,0
55.318,0
55.35,0
55.381,0
55.427,0
55.475,0
55.507,0
55.555,0
55.601,0
55.648,0
55.696,0
55.744,0
55.791,0
55.839,0
55.887,0
55.935,0
55.982,0
56.03,0
56.077,0
56.109,0
56.157,0
56.189,0
56.237,0
56.285,0
56.317,0
56.364,0
56.412,0
56.459,0
56.522,0
56.569,0
56.617,0
56.681,0
56.744,0
56.808,0
56.854,0
56.917,0
56.981,0
57.028,0
57.092,0
57.155,0
57.203,0
57.266,0
57.314,0
57.361,0
57.409,0
57.44,0
57.472,0
57.52,0
57.568,0
57.614,0
57.662,0
57.71,0
57.756,0
57.802,0
57.849,0
57.897,0
57.929,0
57.976,0
58.04,0
58.087,0
58.133,0
58.197,0
58.261,0
58.324,0
58.372,0
58.435,0
58.499,0
58.563,0
58.627,0
58.675,0
58.738,0
58.802,0
58.864,0
58.928,0
58.992,0
59.039,0
59.103,0
59.15,0
59.213,0
59.261,0
59.309,0
59.357,0
59.405,0
59.453,0
59.501,0
59.53,0
59.577,0
59.625,0
59.673,0
59.721,0
59.769,0
59.817,0
59.865,0
59.895,0
59.941,0
59.988,0
60.02,0
60.068,0
60.1,0
60.132,0
60.164,0
60.196,0
60.244,0
60.276,0
60.308,0
60.355,0
60.387,0
60.435,0
60.483,0
60.515,0
60.562,0
60.609,0
60.656,0
60.703,0
60.751,0
60.813,0
60.876,0
60.939,0
60.987,0
61.05,0
61.097,0
61.129,0
61.177,0
61.209,0
61.241,0
61.288,0
61.336,0
61.384,0
61.43,0
61.462,0
61.51,0
61.557,0
61.573,0
61.621,0
61.669,0
61.717,0
61.764,0
61.795,0
61.843,0
61.891,0
61.939,0
61.971,0
62.019,0
62.05,0
62.097,0
62.129,0
62.175,0
62.207,0
62.255,0
62.303,0
62.351,0
62.398,0
62.462,0
62.524,0
62.588,0
62.635,0
62.681,0
62.729,0
62.792,0
62.856,0
62.92,0
62.984,0
63.046,0
63.094,0
63.156,0
63.187,0
63.219,0
63.267,0
63.315,0
63.363,0
63.411,0
63.458,0
63.505,0
63.537,0
63.585,0
63.617,0
63.665,0
63.712,0
63.759,0
63.806,0
63.854,0
63.886,0
63.934,0
63.982,0
64.029,0
64.077,0
64.125,0
64.172,0
64.219,0
64.251,0
64.299,0
64.347,0
64.395,0
64.443,0
64.491,0
64.523,0
64.57,0
64.617,0
64.681,0
64.729,0
64.792,0
64.855,0
64.918,0
64.98,0
65.042,0
65.09,0
65.138,0
65.184,0
65.216,0
65.248,0
65.295,0
65.327,0
65.375,0
65.423,0
65.471,0
65.519,0
65.567,0
65.615,0
65.662,0
65.71,0
65.758,0
65.806,0
65.837,0
65.869,0
65.917,0
65.949,0
65.997,0
66.044,0
66.076,0
66.108,0
66.156,0
66.204,0
66.252,0
66.3,0
66.332,0
66.38,0
66.427,0
66.475,0
66.523,0
66.571,0
66.603,0
66.651,0
66.698,0
66.73,0
66.778,0
66.81,0
66.841,0
66.889,0
66.92,0
66.968,0
67.016,0
67.064,0
67.112,0
67.16,0
67.208,0
67.24,0
67.287,0
67.318,0
67.366,0
67.414,0
67.446,0
67.478,0
67.51,0
67.557,0
67.605,0
67.652,0
67.7,0
67.732,0
67.764,0
67.812,0
67.86,0
67.908,0
67.956,0
68.004,0
68.035,0
68.083,0
68.115,0
68.163,0
68.211,0
68.259,0
68.307,0
68.355,0
68.403,0
68.45,0
68.498,0
68.545,0
68.609,0
68.673,0
68.721,0
68.769,0
68.83,0
68.878,0
68.942,0
68.99,0
69.038,0
69.102,0
69.15,0
69.212,0
69.275,0
69.339,0
69.402,0
69.45,0
69.514,0
69.562,0
69.625,0
69.689,0
69.753,0
69.817,0
69.865,0
69.929,0
69.991,0
70.055,0
70.087,0
70.151,0
70.199,0
70.263,0
70.327,0
70.374,0
70.438,0
70.486,0
70.533,0
70.581,0
70.629,0
70.677,0
70.724,0
70.756,0
70.804,0
70.836,0
70.883,0
70.93,0
70.946,0
70.977,0
71.025,0
71.073,0
71.105,0
71.153,0
71.201,0
71.247,0
71.294,0
71.341,0
71.389,0
71.421,0
71.469,0
71.517,0
71.565,0
71.613,0
71.66,0
71.708,0
71.756,0
71.788,0
71.836,0
71.868,0
71.916,0
71.964,0
72.011,0
72.059,0
72.107,0
72.139,0
72.17,0
72.202,0
72.25,0
72.298,0
72.346,0
72.393,0
72.441,0
72.489,0
72.537,0
72.585,0
72.633,0
72.681,0
72.713,0
72.76,0
72.808,0
72.872,0
72.92,0
72.984,0
73.031,0
73.078,0
73.125,0
73.189,0
73.253,0
73.317,0
73.38,0
73.443,0
73.506,0
73.57,0
73.633,0
73.697,0
73.761,0
73.824,0
73.872,0
73.935,0
73.984,0
74.047,0
74.111,0
74.175,0
74.238,0
74.285,0
74.317,0
74.365,0
74.397,0
74.445,0
74.462,0
74.508,0
74.54,0
74.587,0
74.634,0
74.682,0
74.73,0
74.778,0
74.81,0
74.857,0
74.905,0
74.953,0
75.0,0
75.03,0
75.062,0
75.108,0
75.156,0
75.204,0
75.236,0
75.268,0
75.316,0
75.364,0
75.411,0
75.474,0
75.538,0
75.587,0
75.65,0
75.714,0
75.776,0
75.823,0
75.887,0
75.951,0
75.999,0
76.062,0
76.111,0
76.173,0
76.237,0
76.3,0
76.364,0
76.412,0
76.476,0
76.523,0
76.555,0
76.619,0
76.683,0
76.747,0
76.796,0
76.859,0
76.922,0
76.986,0
77.05,0
77.097,0
77.13,0
77.193,0
77.256,0
77.289,0
77.352,0
77.4,0
77.464,0
77.528,0
77.576,0
77.623,0
77.671,0
77.718,0
77.766,0
77.782,0
77.83,0
77.862,0
77.909,0
77.956,0
77.987,0
78.034,0
78.08,0
78.112,0
78.159,0
78.207,0
78.255,0
78.302,0
78.35,0
78.398,0
78.446,0
78.477,0
78.539,0
78.603,0
78.65,0
78.713,0
78.76,0
78.823,0
78.886,0
78.933,0
78.981,0
79.045,0
79.093,0
79.155,0
79.186,0
79.234,0
79.281,0
79.329,0
79.377,0
79.425,0
79.473,0
79.52,0
79.567,0
79.614,0
79.646,0
79.694,0
79.726,0
79.758,0
79.806,0
79.837,0
79.869,0
79.916,0
79.964,0
80.012,0
80.06,0
80.106,0
80.154,0
80.202,0
80.233,0
80.28,0
80.344,0
80.408,0
80.455,0
80.519,0
80.583,0
80.631,0
80.695,0
80.758,0
80.805,0
80.868,0
80.931,0
80.994,0
81.057,0
81.105,0
81.153,0
81.215,0
81.262,0
81.294,0
81.342,0
81.39,0
81.438,0
81.47,0
81.502,0
81.549,0
81.596,0
81.643,0
81.69,0
81.738,0
81.786,0
81.833,0
81.865,0
81.913,0
81.961,0
82.009,0
82.056,0
82.088,0
82.136,0
82.184,0
82.231,0
82.279,0
82.327,0
82.359,0
82.39,0
82.438,0
82.47,0
82.518,0
82.564,0
82.612,0
82.66,0
82.708,0
82.74,0
82.771,0
82.802,0
82.849,0
82.913,0
82.977,0
83.025,0
83.088,0
83.136,0
83.199,0
83.262,0
83.293,0
83.357,0
83.405,0
83.453,0
83.517,0
83.58,0
83.643,0
83.707,0
83.754,0
83.816,0
83.863,0
83.894,0
83.926,0
83.958,0
84.004,0
84.052,0
84.084,0
84.132,0
84.163,0
84.211,0
84.243,0
84.29,0
84.338,0
84.385,0
84.432,0
84.464,0
84.496,0
84.544,0
84.592,0
84.64,0
84.703,0
84.767,0
84.83,0
84.892,0
84.955,0
85.019,0
85.067,0
85.129,0
85.176,0
85.224,0
85.272,0
85.336,0
85.4,0
85.464,0
85.528,0
85.574,0
85.638,0
85.702,0
85.766,0
85.83,0
85.878,0
85.941,0
86.005,0
86.052,0
86.099,0
86.147,0
86.194,0
86.242,0
86.289,0
86.321,0
86.353,0
86.384,0
86.432,0
86.464,0
86.496,0
86.544,0
86.592,0
86.624,0
86.656,0
86.687,0
86.735,0
86.783,0
86.815,0
86.863,0
86.909,0
86.957,0
86.989,0
87.036,0
87.084,0
87.132,0
87.18,0
87.228,0
87.276,0
87.324,0
87.372,0
87.419,0
87.451,0
87.499,0
87.546,0
87.578,0
87.61,0
87.658,0
87.706,0
87.754,0
87.8,0
87.847,0
87.91,0
87.974,0
88.038,0
88.086,0
88.15,0
88.213,0
88.245,0
88.293,0
88.357,0
88.421,0
88.469,0
88.532,0
88.579,0
88.642,0
88.705,0
88.768,0
88.83,0
88.878,0
88.925,0
88.972,0
89.019,0
89.066,0
89.081,0
89.128,0
89.176,0
89.208,0
89.24,0
89.288,0
89.336,0
89.368,0
89.416,0
89.448,0
89.495,0
89.542,0
89.59,0
89.622,0
89.67,0
89.701,0
89.749,0
89.78,0
89.843,0
89.907,0
89.955,0
90.017,0
90.081,0
90.128,0
90.175,0
90.222,0
90.286,0
90.35,0
90.412,0
90.476,0
90.54,0
90.603,0
90.651,0
90.683,0
90.731,0
90.778,0
90.826,0
90.858,0
90.906,0
90.954,0
91.002,0
91.05,0
91.098,0
91.129,0
91.161,0
91.209,0
91.257,0
91.304,0
91.352,0
91.4,0
91.448,0
91.495,0
91.527,0
91.558,0
91.606,0
91.653,0
91.684,0
91.732,0
91.78,0
91.796,0
91.842,0
91.89,0
91.922,0
91.969,0
92.001,0
92.049,0
92.081,0
92.129,0
92.177,0
92.208,0
92.256,0
92.304,0
92.352,0
92.4,0
92.432,0
92.48,0
92.528,0
92.544,0
92.575,0
92.622,0
92.686,0
92.748,0
92.796,0
92.86,0
92.907,0
92.971,0
93.035,0
93.099,0
93.146,0
93.194,0
93.242,0
93.305,0
93.353,0
93.4,0
93.463,0
93.51,0
93.557,0
93.604,0
93.636,0
93.684,0
93.732,0
93.764,0
93.812,0
93.859,0
93.906,0
93.937,0
93.984,0
94.032,0
94.08,0
94.128,0
94.159,0
94.191,0
94.239,0
94.287,0
94.334,0
94.381,0
94.427,0
94.459,0
94.491,0
94.539,0
94.587,0
94.634,0
94.682,0
94.744,0
94.807,0
94.869,0
94.933,0
94.996,0
95.06,0
95.122,0
95.184,0
95.232,0
95.28,0
95.328,0
95.376,0
95.408,0
95.456,0
95.487,0
95.503,0
95.55,0
95.582,0
95.629,0
95.676,0
95.724,0
95.771,0
95.819,0
95.85,0
95.898,0
95.946,0
95.977,0
96.009,0
96.041,0
96.089,0
96.12,0
96.168,0
96.215,0
96.278,0
96.326,0
96.373,0
96.437,0
96.501,0
96.565,0
96.612,0
96.66,0
96.707,0
96.771,0
96.835,0
96.899,0
96.962,0
97.026,0
97.074,0
97.121,0
97.185,0
97.248,0
97.312,0
97.358,0
97.421,0
97.468,0
97.516,0
97.58,0
97.627,0
97.675,0
97.721,0
97.768,0
97.816,0
97.864,0
97.912,0
97.944,0
97.992,0
98.024,0
98.071,0
98.102,0
98.15,0
98.181,0
98.227,0
98.259,0
98.306,0
98.353,0
98.401,0
98.464,0
98.528,0
98.592,0
98.639,0
98.687,0
98.75,0
98.814,0
98.86,0
98.906,0
98.968,0
99.016,0
99.064,0
99.111,0
99.159,0
99.207,0
99.239,0
99.27,0
99.317,0
99.364,0
99.412,0
99.46,0
99.508,0
99.54,0
99.571,0
99.619,0
99.651,0
99.698,0
99.745,0
99.792,0
99.839,0
99.887,0
99.934,0
99.981,0
100.045,0
100.092,0
100.14,0
100.188,0
100.252,0
100.316,0
100.379,0
100.442,0
100.506,0
100.554,0
100.618,0
100.682,0
100.746,0
100.808,0
100.856,0
100.918,0
100.981,0
101.028,0
101.076,0
101.124,0
101.171,0
101.218,0
101.266,0
101.314,0
101.346,0
101.394,0
101.442,0
101.489,0
101.536,0
101.583,0
101.615,0
101.662,0
101.71,0
101.757,0
101.805,0
101.837,0
101.869,0
101.9,0
101.962,0
102.026,0
102.089,0
102.153,0
102.201,0
102.265,0
102.328,0
102.392,0
102.456,0
102.52,0
102.567,0
102.615,0
102.679,0
102.741,0
102.804,0
102.852,0
102.916,0
102.979,0
103.043,0
103.106,0
103.154,0
103.217,0
103.28,0
103.312,0
103.36,0
103.408,0
103.455,0
103.487,0
103.519,0
103.583,0
103.63,0
103.662,0
103.694,0
103.742,0
103.79,0
103.837,0
103.885,0
103.933,0
103.981,0
104.029,0
104.077,0
104.109,0
104.141,0
104.189,0
104.22,0
104.267,0
104.299,0
104.347,0
104.395,0
104.411,0
104.443,0
104.491,0
104.539,0
104.586,0
104.633,0
104.664,0
104.712,0
104.76,0
104.792,0
104.824,0
104.872,0
104.919,0
104.965,0
105.013,0
105.06,0
105.107,0
105.17,0
105.234,0
105.282,0
105.345,0
105.409,0
105.473,0
105.52,0
105.584,0
105.632,0
105.68,0
105.743,0
105.791,0
105.839,0
105.901,0
105.949,0
105.996,0
106.06,0
106.122,0
106.186,0
106.217,0
106.264,0
106.311,0
106.359,0
106.391,0
106.438,0
106.47,0
106.518,0
106.566,0
106.598,0
106.645,0
106.693,0
106.741,0
106.789,0
106.836,0
106.884,0
106.916,0
106.964,0
106.996,0
107.044,0
107.092,0
107.14,0
107.187,0
107.235,0
107.283,0
107.331,0
107.379,0
107.411,0
107.459,0
107.49,0
107.538,0
107.569,0
107.601,0
107.648,0
107.696,0
107.744,0
107.791,0
107.822,0
107.886,0
107.948,0
108.012,0
108.076,0
108.139,0
108.187,0
108.251,0
108.299,0
108.346,0
108.394,0
108.441,0
108.505,0
108.553,0
108.601,0
108.665,0
108.712,0
108.776,0
108.839,0
108.887,0
108.951,0
109.015,0
109.063,0
109.11,0
109.173,0
109.237,0
109.285,0
109.349,0
109.413,0
109.444,0
109.507,0
109.571,0
109.634,0
109.682,0
109.714,0
109.762,0
109.794,0
109.826,0
109.873,0
109.905,0
109.953,0
110.001,0
110.033,0
110.065,0
110.097,0
110.145,0
110.193,0
110.24,0
110.271,0
110.319,0
110.367,0
110.415,0
110.463,0
110.495,0
110.527,0
110.558,0
110.59,0
110.638,0
110.67,0
110.717,0
110.764,0
110.796,0
110.828,0
110.86,0
110.908,0
110.956,0
111.004,0
111.051,0
111.099,0
111.147,0
111.194,0
111.242,0
111.274,0
111.321,0
111.369,0
111.417,0
111.465,0
111.512,0
111.559,0
111.591,0
111.623,0
111.67,0
111.733,0
111.797,0
111.86,0
111.908,0
111.956,0
112.003,0
112.067,0
112.131,0
112.194,0
112.257,0
112.321,0
112.383,0
112.446,0
112.509,0
112.573,0
112.636,0
112.684,0
112.7,0
112.764,0
112.796,0
112.842,0
112.889,0
112.936,0
112.968,0
113.016,0
113.063,0
113.095,0
113.127,0
113.174,0
113.205,0
113.236,0
113.284,0
113.332,0
113.38,0
113.428,0
113.476,0
113.523,0
113.57,0
113.617,0
113.679,0
113.742,0
113.788,0
113.852,0
113.916,0
113.979,0
114.042,0
114.105,0
114.137,0
114.185,0
114.217,0
114.249,0
114.297,0
114.329,0
114.377,0
114.424,0
114.472,0
114.52,0
114.566,0
114.614,0
114.662,0
114.71,0
114.742,0
114.774,0
114.821,0
114.867,0
114.915,0
114.962,0
114.994,0
115.042,0
115.09,0
115.138,0
115.169,0
115.2,0
115.248,0
115.28,0
115.312,0
115.36,0
115.406,0
115.47,0
115.517,0
115.564,0
115.612,0
115.676,0
115.724,0
115.787,0
115.835,0
115.883,0
115.946,0
115.994,0
116.042,0
116.105,0
116.153,0
116.2,0
116.264,0
116.327,0
116.375,0
116.439,0
116.487,0
116.551,0
116.599,0
116.647,0
116.71,0
116.773,0
116.836,0
116.9,0
116.948,0
116.996,0
117.044,0
117.09,0
117.121,0
117.169,0
117.201,0
117.249,0
117.297,0
117.329,0
117.361,0
117.407,0
117.439,0
117.454,0
117.502,0
117.534,0
117.566,0
117.598,0
117.63,0
117.676,0
117.724,0
117.756,0
117.788,0
117.82,0
117.867,0
117.899,0
117.93,0
117.962,0
118.01,0
118.058,0
118.09,0
118.136,0
118.198,0
118.261,0
118.309,0
118.357,0
118.405,0
118.469,0
118.516,0
118.563,0
118.61,0
118.674,0
118.721,0
118.783,0
118.846,0
118.892,0
118.924,0
118.972,0
119.02,0
119.068,0
119.115,0
119.147,0
119.193,0
119.241,0
119.289,0
119.337,0
119.369,0
119.401,0
119.448,0
119.48,0
119.512,0
119.543,0
119.575,0
119.607,0
119.655,0
119.702,0
119.75,0
119.798,0
119.83,0
119.878,0
119.925,0
119.973,0
120.005,0
120.037,0
120.069,0
120.117,0
120.149,0
120.197,0
120.245,0
120.292,0
120.34,0
120.387,0
120.435,0
120.483,0
120.531,0
120.579,0
120.626,0
120.673,0
120.734,0
120.782,0
120.846,0
120.894,0
120.958,0
121.021,0
121.084,0
121.148,0
121.196,0
121.244,0
121.292,0
121.34,0
121.403,0
121.45,0
121.514,0
121.577,0
121.625,0
121.672,0
121.72,0
121.75,0
121.797,0
121.829,0
121.861,0
121.908,0
121.94,0
121.988,0
122.035,0
122.083,0
122.115,0
122.131,0
122.178,0
122.226,0
122.274,0
122.306,0
122.354,0
122.386,0
122.418,0
122.45,0
122.482,0
122.514,0
122.561,0
122.593,0
122.625,0
122.657,0
122.704,0
122.752,0
122.8,0
122.83,0
122.878,0
122.925,0
122.988,0
123.052,0
123.116,0
123.18,0
123.244,0
123.291,0
123.339,0
123.403,0
123.45,0
123.498,0
123.561,0
123.609,0
123.673,0
123.737,0
123.783,0
123.846,0
123.894,0
123.957,0
124.021,0
124.069,0
124.132,0
124.196,0
124.244,0
124.307,0
124.354,0
124.402,0
124.45,0
124.482,0
124.529,0
124.577,0
124.593,0
124.625,0
124.673,0
124.721,0
124.753,0
124.801,0
124.848,0
124.879,0
124.909,0
124.955,0
125.001,0
125.033,0
125.08,0
125.143,0
125.191,0
125.255,0
125.303,0
125.35,0
125.414,0
125.461,0
125.509,0
125.573,0
125.621,0
125.684,0
125.748,0
125.811,0
125.874,0
125.921,0
125.984,0
126.031,0
126.079,0
126.111,0
126.143,0
126.19,0
126.238,0
126.286,0
126.334,0
126.366,0
126.414,0
126.446,0
126.494,0
126.526,0
126.558,0
126.589,0
126.605,0
126.637,0
126.685,0
126.717,0
126.749,0
126.78,0
126.828,0
126.86,0
126.891,0
126.922,0
126.969,0
127.0,0
127.032,0
127.08,0
127.128,0
127.16,0
127.208,0
127.256,0
127.288,0
127.335,0
127.383,0
127.415,0
127.447,0
127.494,0
127.542,0
127.574,0
127.622,0
127.654,0
127.684,0
127.73,0
127.793,0
127.823,0
127.871,0
127.918,0
127.966,0
128.014,0
128.061,0
128.123,0
128.171,0
128.203,0
128.251,0
128.298,0
128.33,0
128.378,0
128.41,0
128.457,0
128.505,0
128.537,0
128.569,0
128.601,0
128.649,0
128.696,0
128.728,0
128.776,0
128.822,0
128.869,0
128.901,0
128.948,0
128.995,0
129.027,0
129.042,0
129.074,0
129.122,0
129.154,0
129.185,0
129.217,0
129.248,0
129.311,0
129.375,0
129.439,0
129.487,0
129.535,0
129.598,0
129.661,0
129.725,0
129.773,0
129.837,0
129.901,0
129.965,0
130.013,0
130.06,0
130.124,0
130.171,0
130.234,0
130.282,0
130.33,0
130.394,0
130.441,0
130.473,0
130.537,0
130.585,0
130.649,0
130.697,0
130.761,0
130.808,0
130.872,0
130.92,0
130.968,0
131.031,0
131.095,0
131.142,0
131.188,0
131.236,0
131.284,0
131.316,0
131.364,0
131.412,0
131.46,0
131.476,0
131.524,0
131.555,0
131.587,0
131.619,0
131.635,0
131.683,0
131.731,0
131.763,0
131.795,0
131.843,0
131.891,0
131.938,0
131.986,0
132.034,0
132.066,0
132.098,0
132.145,0
132.193,0
132.225,0
132.257,0
132.288,0
132.336,0
132.384,0
132.416,0
132.463,0
132.511,0
132.558,0
132.605,0
132.653,0
132.701,0
132.748,0
132.78,0
132.828,0
132.876,0
132.924,0
132.972,0
133.02,0
133.051,0
133.098,0
133.13,0
133.178,0
133.226,0
133.274,0
133.305,0
133.353,0
133.401,0
133.448,0
133.496,0
133.528,0
133.56,0
133.608,0
133.656,0
133.718,0
133.765,0
133.813,0
133.86,0
133.908,0
133.972,0
134.036,0
134.099,0
134.163,0
134.227,0
134.29,0
134.353,0
134.417,0
134.481,0
134.529,0
134.593,0
134.641,0
134.688,0
134.752,0
134.8,0
134.848,0
134.912,0
134.96,0
135.008,0
135.055,0
135.103,0
135.167,0
135.231,0
135.293,0
135.357,0
135.42,0
135.483,0
135.515,0
135.547,0
135.594,0
135.626,0
135.674,0
135.721,0
135.753,0
135.801,0
135.817,0
135.864,0
135.912,0
135.96,0
135.992,0
136.024,0
136.072,0
136.119,0
136.167,0
136.215,0
136.263,0
136.295,0
136.327,0
136.375,0
136.423,0
136.455,0
136.486,0
136.533,0
136.565,0
136.612,0
136.644,0
136.691,0
136.723,0
136.755,0
136.803,0
136.835,0
136.866,0
136.914,0
136.946,0
136.994,0
137.026,0
137.058,0
137.09,0
137.138,0
137.186,0
137.218,0
137.249,0
137.297,0
137.329,0
137.361,0
137.393,0
137.425,0
137.473,0
137.521,0
137.569,0
137.601,0
137.617,0
137.648,0
137.68,0
137.712,0
137.744,0
137.776,0
137.808,0
137.856,0
137.888,0
137.936,0
137.968,0
137.999,0
138.046,0
138.078,0
138.11,0
138.158,0
138.19,0
138.222,0
138.254,0
138.286,0
138.334,0
138.365,0
138.413,0
138.445,0
138.493,0
138.525,0
138.557,0
138.605,0
138.637,0
138.669,0
138.701,0
138.733,0
138.764,0
138.795,0
138.859,0
138.906,0
138.969,0
139.017,0
139.049,0
139.097,0
139.144,0
139.192,0
139.256,0
139.304,0
139.352,0
139.4,0
139.464,0
139.511,0
139.575,0
139.623,0
139.687,0
139.751,0
139.815,0
139.861,0
139.925,0
139.988,0
140.036,0
140.1,0
140.164,0
140.228,0
140.275,0
140.339,0
140.403,0
140.467,0
140.515,0
140.579,0
140.642,0
140.706,0
140.77,0
140.834,0
140.882,0
140.946,0
141.009,0
141.073,0
141.121,0
141.185,0
141.248,0
141.296,0
141.36,0
141.391,0
141.438,0
141.486,0
141.518,0
141.549,0
141.596,0
141.628,0
141.676,0
141.708,0
141.74,0
141.771,0
141.803,0
141.835,0
141.867,0
141.899,0
141.947,0
141.995,0
142.027,0
142.075,0
142.107,0
142.138,0
142.17,0
142.202,0
142.234,0
142.266,0
142.314,0
142.361,0
142.393,0
142.425,0
142.457,0
142.489,0
142.52,0
142.552,0
142.6,0
142.632,0
142.664,0
142.696,0
142.744,0
142.792,0
142.824,0
142.855,0
142.887,0
142.935,0
142.967,0
143.015,0
143.047,0
143.094,0
143.126,0
143.174,0
143.222,0
143.269,0
143.317,0
143.333,0
143.381,0
143.413,0
143.445,0
143.493,0
143.525,0
143.557,0
143.588,0
143.619,0
143.667,0
143.715,0
143.747,0
143.795,0
143.843,0
143.875,0
143.923,0
143.955,0
143.986,0
144.018,0
144.05,0
144.082,0
144.13,0
144.178,0
144.21,0
144.257,0
144.305,0
144.337,0
144.385,0
144.433,0
144.449,0
144.496,0
144.528,0
144.576,0
144.624,0
144.672,0
144.72,0
144.752,0
144.8,0
144.831,0
144.894,0
144.957,0
145.02,0
145.084,0
145.132,0
145.18,0
145.243,0
145.291,0
145.339,0
145.387,0
145.451,0
145.514,0
145.562,0
145.625,0
145.671,0
145.735,0
145.799,0
145.863,0
145.91,0
145.942,0
145.974,0
146.006,0
146.038,0
146.069,0
146.101,0
146.133,0
146.165,0
146.197,0
146.229,0
146.261,0
146.309,0
146.341,0
146.373,0
146.42,0
146.468,0
146.516,0
146.564,0
146.596,0
146.644,0
146.676,0
146.708,0
146.74,0
146.787,0
146.819,0
146.851,0
146.899,0
146.947,0
146.995,0
147.043,0
147.074,0
147.122,0
147.169,0
147.217,0
147.265,0
147.312,0
147.36,0
147.392,0
147.424,0
147.456,0
147.488,0
147.535,0
147.583,0
147.631,0
147.679,0
147.711,0
147.759,0
147.807,0
147.855,0
147.887,0
147.918,0
147.966,0
147.998,0
148.046,0
148.078,0
148.109,0
148.14,0
148.187,0
148.219,0
148.267,0
148.314,0
148.362,0
148.41,0
148.457,0
148.489,0
148.537,0
148.585,0
148.633,0
148.68,0
148.695,0
148.743,0
148.791,0
148.839,0
148.871,0
148.919,0
148.951,0
148.983,0
149.015,0
149.03,0
149.078,0
149.126,0
149.174,0
149.206,0
149.238,0
149.286,0
149.318,0
149.334,0
149.382,0
149.429,0
149.461,0
149.509,0
149.541,0
149.589,0
149.621,0
149.653,0
149.716,0
149.764,0
149.826,0
149.89,0
149.938,0
149.986,0
150.034,0
150.082,0
150.13,0
150.178,0
150.224,0
150.288,0
150.336,0
150.4,0
150.447,0
150.51,0
150.573,0
150.636,0
150.683,0
150.715,0
150.763,0
150.795,0
150.826,0
150.858,0
150.89,0
150.938,0
150.969,0
150.985,0
151.032,0
151.064,0
151.096,0
151.128,0
151.159,0
151.191,0
151.238,0
151.286,0
151.333,0
151.381,0
151.429,0
151.46,0
151.491,0
151.523,0
151.571,0
151.603,0
151.634,0
151.666,0
151.713,0
151.76,0
151.807,0
151.855,0
151.902,0
151.95,0
152.014,0
152.077,0
152.141,0
152.189,0
152.236,0
152.284,0
152.332,0
152.38,0
152.428,0
152.476,0
152.523,0
152.587,0
152.634,0
152.698,0
152.73,0
152.793,0
152.857,0
152.905,0
152.969,0
153.016,0
153.08,0
153.144,0
153.192,0
153.24,0
153.288,0
153.352,0
153.415,0
153.461,0
153.509,0
153.541,0
153.573,0
153.621,0
153.669,0
153.701,0
153.749,0
153.796,0
153.843,0
153.875,0
153.923,0
153.955,0
154.003,0
154.035,0
154.083,0
154.13,0
154.162,0
154.209,0
154.257,0
154.289,0
154.336,0
154.368,0
154.4,0
154.432,0
154.479,0
154.527,0
154.559,0
154.59,0
154.622,0
154.654,0
154.686,0
154.718,0
154.734,0
154.782,0
154.829,0
154.877,0
154.925,0
154.957,0
155.003,0
155.035,0
155.083,0
155.13,0
155.178,0
155.226,0
155.274,0
155.321,0
155.384,0
155.447,0
155.479,0
155.527,0
155.575,0
155.639,0
155.687,0
155.718,0
155.765,0
155.828,0
155.876,0
155.924,0
155.972,0
156.02,0
156.068,0
156.115,0
156.162,0
156.21,0
156.258,0
156.306,0
156.354,0
156.402,0
156.465,0
156.528,0
156.576,0
156.64,0
156.688,0
156.736,0
156.8,0
156.864,0
156.927,0
156.991,0
157.038,0
157.086,0
157.134,0
157.198,0
157.245,0
157.277,0
157.325,0
157.357,0
157.389,0
157.437,0
157.468,0
157.5,0
157.532,0
157.58,0
157.611,0
157.643,0
157.675,0
157.723,0
157.771,0
157.803,0
157.851,0
157.899,0
157.947,0
157.979,0
157.994,0
158.026,0
158.074,0
158.122,0
158.17,0
158.218,0
158.266,0
158.298,0
158.33,0
158.361,0
158.393,0
158.441,0
158.473,0
158.505,0
158.537,0
158.569,0
158.601,0
158.633,0
158.665,0
158.697,0
158.744,0
158.76,0
158.807,0
158.855,0
158.903,0
158.935,0
158.967,0
159.014,0
159.061,0
159.093,0
159.14,0
159.187,0
159.219,0
159.251,0
159.267,0
159.315,0
159.363,0
159.411,0
159.459,0
159.505,0
159.553,0
159.585,0
159.617,0
159.665,0
159.713,0
159.729,0
159.76,0
159.792,0
159.824,0
159.856,0
159.887,0
159.935,0
159.967,0
159.999,0
160.031,0
160.079,0
160.127,0
160.175,0
160.207,0
160.254,0
160.317,0
160.381,0
160.445,0
160.492,0
160.54,0
160.588,0
160.635,0
160.683,0
160.731,0
160.779,0
160.827,0
160.875,0
160.923,0
160.97,0
161.018,0
161.066,0
161.128,0
161.176,0
161.239,0
161.303,0
161.351,0
161.399,0
161.446,0
161.51,0
161.573,0
161.621,0
161.669,0
161.733,0
161.795,0
161.843,0
161.873,0
161.921,0
161.953,0
162.001,0
162.049,0
162.081,0
162.112,0
162.16,0
162.191,0
162.238,0
162.27,0
162.302,0
162.35,0
162.398,0
162.446,0
162.478,0
162.526,0
162.558,0
162.574,0
162.621,0
162.669,0
162.717,0
162.749,0
162.797,0
162.845,0
162.877,0
162.925,0
162.957,0
163.004,0
163.052,0
163.1,0
163.148,0
163.196,0
163.228,0
163.276,0
163.324,0
163.371,0
163.419,0
163.467,0
163.515,0
163.561,0
163.577,0
163.624,0
163.671,0
163.717,0
163.779,0
163.812,0
163.875,0
163.937,0
164.001,0
164.049,0
164.096,0
164.16,0
164.209,0
164.272,0
164.335,0
164.383,0
164.447,0
164.51,0
164.541,0
164.589,0
164.621,0
164.669,0
164.716,0
164.748,0
164.796,0
164.843,0
164.891,0
164.923,0
164.955,0
164.987,0
165.035,0
165.082,0
165.098,0
165.13,0
165.162,0
165.209,0
165.257,0
165.289,0
165.321,0
165.353,0
165.384,0
165.448,0
165.495,0
165.527,0
165.558,0
165.589,0
165.62,0
165.651,0
165.698,0
165.746,0
165.778,0
165.841,0
165.904,0
165.967,0
166.03,0
166.078,0
166.126,0
166.159,0
166.222,0
166.27,0
166.317,0
166.363,0
166.427,0
166.491,0
166.539,0
166.587,0
166.651,0
166.714,0
166.762,0
166.81,0
166.858,0
166.922,0
166.984,0
167.016,0
167.064,0
167.095,0
167.143,0
167.19,0
167.238,0
167.286,0
167.334,0
167.365,0
167.413,0
167.445,0
167.476,0
167.524,0
167.572,0
167.604,0
167.652,0
167.684,0
167.716,0
167.764,0
167.796,0
167.827,0
167.874,0
167.906,0
167.954,0
167.986,0
168.034,0
168.066,0
168.114,0
168.161,0
168.208,0
168.24,0
168.288,0
168.335,0
168.383,0
168.415,0
168.463,0
168.494,0
168.54,0
168.601,0
168.665,0
168.729,0
168.793,0
168.841,0
168.889,0
168.95,0
168.998,0
169.061,0
169.125,0
169.189,0
169.252,0
169.283,0
169.315,0
169.361,0
169.409,0
169.441,0
169.489,0
169.536,0
169.584,0
169.632,0
169.68,0
169.727,0
169.759,0
169.806,0
169.854,0
169.902,0
169.95,0
169.982,0
170.03,0
170.076,0
170.124,0
170.172,0
170.22,0
170.268,0
170.3,0
170.348,0
170.396,0
170.428,0
170.475,0
170.507,0
170.555,0
170.603,0
170.651,0
170.668,0
170.699,0
170.731,0
170.779,0
170.811,0
170.858,0
170.906,0
170.954,0
170.986,0
171.034,0
171.066,0
171.114,0
171.162,0
171.209,0
171.256,0
171.304,0
171.351,0
171.399,0
171.447,0
171.495,0
171.543,0
171.574,0
171.639,0
171.702,0
171.749,0
171.812,0
171.86,0
171.923,0
171.986,0
172.05,0
172.114,0
172.178,0
172.241,0
172.305,0
172.369,0
172.432,0
172.495,0
172.558,0
172.606,0
172.669,0
172.716,0
172.764,0
172.795,0
172.843,0
172.891,0
172.939,0
172.987,0
173.035,0
173.082,0
173.114,0
173.161,0
173.209,0
173.241,0
173.273,0
173.337,0
173.385,0
173.431,0
173.478,0
173.525,0
173.572,0
173.636,0
173.684,0
173.732,0
173.78,0
173.827,0
173.858,0
173.906,0
173.953,0
174.016,0
174.063,0
174.127,0
174.19,0
174.239,0
174.286,0
174.35,0
174.414,0
174.478,0
174.541,0
174.604,0
174.668,0
174.732,0
174.78,0
174.844,0
174.907,0
174.97,0
175.033,0
175.082,0
175.145,0
175.208,0
175.271,0
175.302,0
175.349,0
175.397,0
175.445,0
175.493,0
175.541,0
175.588,0
175.636,0
175.682,0
175.73,0
175.762,0
175.794,0
175.842,0
175.89,0
175.923,0
175.971,0
176.018,0
176.065,0
176.113,0
176.161,0
176.193,0
176.225,0
176.258,0
176.288,0
176.335,0
176.383,0
176.43,0
176.462,0
176.51,0
176.541,0
176.589,0
176.637,0
176.685,0
176.733,0
176.78,0
176.842,0
176.906,0
176.954,0
176.986,0
177.05,0
177.098,0
177.146,0
177.193,0
177.24,0
177.272,0
177.336,0
177.4,0
177.464,0
177.528,0
177.591,0
177.639,0
177.686,0
177.75,0
177.814,0
177.862,0
177.926,0
177.987,0
178.035,0
178.099,0
178.163,0
178.211,0
178.274,0
178.321,0
178.385,0
178.433,0
178.498,0
178.561,0
178.625,0
178.688,0
178.752,0
178.816,0
178.879,0
178.927,0
178.975,0
179.021,0
179.067,0
179.115,0
179.162,0
179.21,0
179.258,0
179.306,0
179.354,0
179.402,0
179.449,0
179.497,0
179.529,0
179.577,0
179.609,0
179.641,0
179.689,0
179.737,0
179.786,0
179.832,0
179.864,0
179.912,0
179.96,0
180.008,0
180.056,0
180.088,0
180.12,0
180.168,0
180.215,0
180.261,0
180.293,0
180.341,0
180.389,0
180.437,0
180.469,0
180.517,0
180.564,0
180.596,0
180.628,0
180.66,0
180.708,0
180.755,0
180.787,0
180.834,0
180.898,0
180.961,0
181.025,0
181.073,0
181.121,0
181.185,0
181.233,0
181.296,0
181.36,0
181.408,0
181.472,0
181.536,0
181.6,0
181.664,0
181.726,0
181.774,0
181.837,0
181.884,0
181.931,0
181.979,0
182.027,0
182.074,0
182.137,0
182.185,0
182.249,0
182.297,0
182.344,0
182.376,0
182.423,0
182.471,0
182.519,0
182.567,0
182.613,0
182.661,0
182.725,0
182.772,0
182.819,0
182.866,0
182.914,0
182.962,0
183.01,0
183.042,0
183.089,0
183.137,0
183.168,0
183.216,0
183.248,0
183.28,0
183.328,0
183.36,0
183.408,0
183.44,0
183.488,0
183.535,0
183.565,0
183.598,0
183.645,0
183.693,0
183.741,0
183.804,0
183.868,0
183.93,0
183.994,0
184.058,0
184.121,0
184.185,0
184.249,0
184.312,0
184.377,0
184.44,0
184.504,0
184.567,0
184.631,0
184.694,0
184.758,0
184.821,0
184.885,0
184.949,0
185.013,0
185.06,0
185.108,0
185.172,0
185.236,0
185.3,0
185.364,0
185.427,0
185.49,0
185.553,0
185.617,0
185.649,0
185.696,0
185.744,0
185.776,0
185.822,0
185.87,0
185.917,0
185.949,0
185.981,0
186.013,0
186.061,0
186.093,0
186.141,0
186.172,0
186.22,0
186.268,0
186.3,0
186.332,0
186.378,0
186.41,0
186.443,0
186.49,0
186.537,0
186.585,0
186.617,0
186.664,0
186.712,0
186.76,0
186.807,0
186.854,0
186.917,0
186.965,0
187.029,0
187.077,0
187.141,0
187.189,0
187.253,0
187.3,0
187.347,0
187.395,0
187.443,0
187.491,0
187.538,0
187.601,0
187.663,0
187.727,0
187.774,0
187.837,0
187.901,0
187.965,0
188.028,0
188.092,0
188.156,0
188.22,0
188.267,0
188.315,0
188.347,0
188.394,0
188.424,0
188.472,0
188.519,0
188.567,0
188.599,0
188.631,0
188.678,0
188.726,0
188.774,0
188.805,0
188.853,0
188.901,0
188.948,0
188.996,0
189.044,0
189.091,0
189.139,0
189.186,0
189.234,0
189.282,0
189.329,0
189.361,0
189.409,0
189.457,0
189.489,0
189.536,0
189.584,0
189.632,0
189.695,0
189.743,0
189.807,0
189.872,0
189.934,0
189.997,0
190.061,0
190.108,0
190.171,0
190.219,0
190.282,0
190.346,0
190.409,0
190.472,0
190.536,0
190.584,0
190.646,0
190.709,0
190.741,0
190.788,0
190.836,0
190.884,0
190.932,0
190.98,0
191.027,0
191.075,0
191.123,0
191.155,0
191.203,0
191.251,0
191.283,0
191.33,0
191.378,0
191.425,0
191.473,0
191.505,0
191.553,0
191.584,0
191.632,0
191.68,0
191.712,0
191.759,0
191.806,0
191.853,0
191.901,0
191.949,0
191.997,0
192.045,0
192.093,0
192.125,0
192.156,0
192.188,0
192.236,0
192.284,0
192.332,0
192.364,0
192.412,0
192.46,0
192.509,0
192.555,0
192.603,0
192.651,0
192.699,0
192.747,0
192.78,0
192.827,0
192.875,0
192.906,0
192.938,0
192.97,0
193.018,0
193.066,0
193.114,0
193.146,0
193.194,0
193.226,0
193.273,0
193.32,0
193.352,0
193.368,0
193.416,0
193.448,0
193.48,0
193.528,0
193.576,0
193.624,0
193.655,0
193.703,0
193.751,0
193.783,0
193.83,0
193.894,0
193.942,0
193.974,0
194.006,0
194.069,0
194.133,0
194.181,0
194.229,0
194.277,0
194.34,0
194.403,0
194.451,0
194.499,0
194.563,0
194.61,0
194.674,0
194.738,0
194.801,0
194.864,0
194.928,0
194.991,0
195.038,0
195.102,0
195.165,0
195.213,0
195.277,0
195.325,0
195.388,0
195.436,0
195.484,0
195.515,0
195.576,0
195.623,0
195.671,0
195.703,0
195.735,0
195.783,0
195.815,0
195.863,0
195.894,0
195.942,0
195.99,0
196.036,0
196.083,0
196.115,0
196.162,0
196.21,0
196.273,0
196.32,0
196.383,0
196.447,0
196.511,0
196.559,0
196.605,0
196.652,0
196.716,0
196.764,0
196.828,0
196.876,0
196.94,0
197.003,0
197.067,0
197.131,0
197.179,0
197.243,0
197.306,0
197.354,0
197.401,0
197.449,0
197.497,0
197.561,0
197.624,0
197.687,0
197.735,0
197.766,0
197.814,0
197.861,0
197.908,0
197.956,0
198.004,0
198.036,0
198.084,0
198.13,0
198.178,0
198.226,0
198.258,0
198.29,0
198.323,0
198.37,0
198.418,0
198.465,0
198.512,0
198.561,0
198.608,0
198.654,0
198.701,0
198.733,0
198.781,0
198.813,0
198.861,0
198.922,0
198.986,0
199.05,0
199.114,0
199.178,0
199.242,0
199.305,0
199.368,0
199.415,0
199.477,0
199.542,0
199.604,0
199.666,0
199.715,0
199.778,0
199.826,0
199.858,0
199.907,0
199.97,0
200.017,0
200.064,0
200.111,0
200.159,0
200.207,0
200.255,0
200.287,0
200.334,0
200.381,0
200.429,0
200.477,0
200.525,0
200.557,0
200.604,0
200.652,0
200.7,0
200.746,0
200.793,0
200.841,0
200.889,0
200.937,0
200.985,0
201.017,0
201.065,0
201.112,0
201.143,0
201.175,0
201.223,0
201.255,0
201.287,0
201.335,0
201.383,0
201.431,0
201.48,0
201.525,0
201.557,0
201.605,0
201.669,0
201.733,0
201.797,0
201.861,0
201.924,0
201.971,0
202.019,0
202.083,0
202.145,0
202.209,0
202.256,0
202.319,0
202.382,0
202.446,0
202.51,0
202.573,0
202.635,0
202.683,0
202.731,0
202.763,0
202.795,0
202.843,0
202.89,0
202.922,0
202.955,0
203.001,0
203.048,0
203.097,0
203.144,0
203.192,0
203.24,0
203.271,0
203.303,0
203.351,0
203.398,0
203.446,0
203.478,0
203.526,0
203.574,0
203.621,0
203.669,0
203.701,0
203.748,0
203.796,0
203.843,0
203.891,0
203.939,0
203.987,0
204.035,0
204.083,0
204.13,0
204.178,0
204.21,0
204.243,0
204.289,0
204.321,0
204.353,0
204.401,0
204.449,0
204.481,0
204.512,0
204.559,0
204.591,0
204.655,0
204.703,0
204.767,0
204.831,0
204.892,0
204.956,0
205.02,0
205.083,0
205.115,0
205.179,0
205.241,0
205.305,0
205.368,0
205.431,0
205.493,0
205.541,0
205.589,0
205.636,0
205.684,0
205.715,0
205.747,0
205.795,0
205.841,0
205.888,0
205.919,0
205.967,0
205.998,0
206.046,0
206.078,0
206.126,0
206.174,0
206.206,0
206.238,0
206.27,0
206.302,0
206.334,0
206.379,0
206.44,0
206.488,0
206.552,0
206.616,0
206.68,0
206.728,0
206.791,0
206.839,0
206.887,0
206.951,0
207.016,0
207.079,0
207.141,0
207.189,0
207.254,0
207.317,0
207.365,0
207.428,0
207.476,0
207.523,0
207.586,0
207.634,0
207.682,0
207.73,0
207.794,0
207.842,0
207.888,0
207.92,0
207.952,0
208.0,0
208.047,0
208.095,0
208.143,0
208.191,0
208.238,0
208.286,0
208.334,0
208.366,0
208.413,0
208.445,0
208.492,0
208.556,0
208.603,0
208.651,0
208.698,0
208.746,0
208.794,0
208.842,0
208.873,0
208.921,0
208.969,0
209.016,0
209.048,0
209.096,0
209.128,0
209.176,0
209.208,0
209.257,0
209.304,0
209.351,0
209.399,0
209.446,0
209.494,0
209.541,0
209.605,0
209.669,0
209.732,0
209.78,0
209.844,0
209.892,0
209.956,0
210.02,0
210.084,0
210.146,0
210.209,0
210.272,0
210.32,0
210.384,0
210.447,0
210.51,0
210.573,0
210.637,0
210.701,0
210.765,0
210.813,0
210.875,0
210.938,0
210.985,0
211.017,0
211.048,0
211.096,0
211.144,0
211.192,0
211.239,0
211.287,0
211.319,0
211.351,0
211.399,0
211.447,0
211.479,0
211.511,0
211.543,0
211.591,0
211.637,0
211.668,0
211.7,0
211.748,0
211.78,0
211.828,0
211.859,0
211.906,0
211.954,0
212.001,0
212.033,0
212.065,0
212.113,0
212.145,0
212.177,0
212.225,0
212.273,0
212.322,0
212.352,0
212.401,0
212.447,0
212.495,0
212.543,0
212.575,0
212.607,0
212.654,0
212.717,0
212.781,0
212.845,0
212.892,0
212.956,0
213.003,0
213.067,0
213.114,0
213.178,0
213.242,0
213.306,0
213.37,0
213.419,0
213.481,0
213.545,0
213.609,0
213.657,0
213.718,0
213.782,0
213.845,0
213.893,0
213.941,0
214.003,0
214.05,0
214.114,0
214.178,0
214.225,0
214.273,0
214.321,0
214.353,0
214.401,0
214.433,0
214.48,0
214.528,0
214.576,0
214.607,0
214.655,0
214.687,0
214.719,0
214.767,0
214.816,0
214.863,0
214.895,0
214.943,0
214.99,0
215.038,0
215.07,0
215.118,0
215.166,0
215.214,0
215.246,0
215.294,0
215.326,0
215.371,0
215.418,0
215.466,0
215.513,0
215.545,0
215.577,0
215.624,0
215.671,0
215.734,0
215.798,0
215.862,0
215.909,0
215.973,0
216.021,0
216.084,0
216.148,0
216.212,0
216.276,0
216.34,0
216.402,0
216.449,0
216.511,0
216.573,0
216.621,0
216.669,0
216.701,0
216.733,0
216.765,0
216.813,0
216.844,0
216.892,0
216.94,0
216.988,0
217.02,0
217.052,0
217.068,0
217.1,0
217.149,0
217.196,0
217.243,0
217.291,0
217.338,0
217.386,0
217.434,0
217.482,0
217.53,0
217.577,0
217.624,0
217.656,0
217.704,0
217.752,0
217.784,0
217.832,0
217.88,0
217.912,0
217.944,0
217.991,0
218.038,0
218.101,0
218.149,0
218.197,0
218.245,0
218.262,0
218.293,0
218.34,0
218.388,0
218.436,0
218.484,0
218.532,0
218.564,0
218.612,0
218.644,0
218.692,0
218.723,0
218.77,0
218.802,0
218.834,0
218.883,0
218.914,0
218.946,0
218.994,0
219.041,0
219.087,0
219.151,0
219.199,0
219.263,0
219.327,0
219.374,0
219.438,0
219.5,0
219.546,0
219.593,0
219.655,0
219.688,0
219.751,0
219.815,0
219.846,0
219.893,0
219.941,0
219.989,0
220.037,0
220.085,0
220.117,0
220.165,0
220.212,0
220.244,0
220.291,0
220.337,0
220.384,0
220.432,0
220.464,0
220.512,0
220.56,0
220.607,0
220.655,0
220.687,0
220.719,0
220.766,0
220.814,0
220.862,0
220.91,0
220.942,0
220.989,0
221.021,0
221.069,0
221.132,0
221.195,0
221.242,0
221.306,0
221.352,0
221.416,0
221.481,0
221.544,0
221.607,0
221.67,0
221.717,0
221.78,0
221.843,0
221.891,0
221.956,0
222.019,0
222.051,0
222.098,0
222.146,0
222.194,0
222.242,0
222.29,0
222.337,0
222.384,0
222.431,0
222.462,0
222.511,0
222.557,0
222.604,0
222.652,0
222.7,0
222.748,0
222.78,0
222.812,0
222.859,0
222.907,0
222.938,0
222.986,0
223.034,0
223.082,0
223.13,0
223.178,0
223.226,0
223.273,0
223.305,0
223.353,0
223.384,0
223.415,0
223.479,0
223.527,0
223.573,0
223.637,0
223.698,0
223.761,0
223.824,0
223.887,0
223.95,0
223.998,0
224.046,0
224.094,0
224.142,0
224.206,0
224.238,0
224.27,0
224.333,0
224.381,0
224.413,0
224.46,0
224.508,0
224.54,0
224.572,0
224.62,0
224.667,0
224.714,0
224.762,0
224.809,0
224.857,0
224.905,0
224.953,0
225.001,0
225.049,0
225.095,0
225.141,0
225.189,0
225.237,0
225.269,0
225.317,0
225.365,0
225.397,0
225.429,0
225.475,0
225.524,0
225.571,0
225.619,0
225.667,0
225.715,0
225.763,0
225.81,0
225.858,0
225.906,0
225.953,0
226.017,0
226.081,0
226.144,0
226.191,0
226.255,0
226.302,0
226.366,0
226.43,0
226.493,0
226.54,0
226.587,0
226.651,0
226.699,0
226.763,0
226.827,0
226.891,0
226.954,0
227.018,0
227.066,0
227.13,0
227.194,0
227.242,0
227.305,0
227.353,0
227.401,0
227.465,0
227.512,0
227.608,0
227.671,0
227.718,0
227.782,0
227.814,0
227.878,0
227.926,0
227.958,0
228.006,0
228.053,0
228.102,0
228.165,0
228.196,0
228.243,0
228.291,0
228.339,0
228.388,0
228.434,0
228.482,0
228.514,0
228.562,0
228.61,0
228.658,0
228.706,0
228.754,0
228.786,0
228.817,0
228.865,0
228.913,0
228.961,0
229.009,0
229.057,0
229.089,0
229.137,0
229.184,0
229.232,0
229.279,0
229.327,0
229.374,0
229.406,0
229.453,0
229.501,0
229.546,0
229.594,0
229.626,0
229.674,0
229.721,0
229.785,0
229.849,0
229.897,0
229.96,0
230.024,0
230.087,0
230.151,0
230.198,0
230.246,0
230.309,0
230.373,0
230.437,0
230.501,0
230.564,0
230.626,0
230.688,0
230.752,0
230.816,0
230.864,0
230.912,0
230.96,0
230.992,0
231.04,0
231.087,0
231.134,0
231.182,0
231.214,0
231.246,0
231.294,0
231.342,0
231.39,0
231.421,0
231.468,0
231.516,0
231.548,0
231.596,0
231.643,0
231.691,0
231.738,0
231.786,0
231.833,0
231.881,0
231.929,0
231.977,0
232.025,0
232.073,0
232.121,0
232.168,0
232.2,0
232.245,0
232.293,0
232.341,0
232.372,0
232.42,0
232.468,0
232.531,0
232.594,0
232.658,0
232.721,0
232.785,0
232.847,0
232.878,0
232.941,0
233.005,0
233.069,0
233.132,0
233.195,0
233.243,0
233.29,0
233.338,0
233.37,0
233.434,0
233.482,0
233.546,0
233.594,0
233.642,0
233.705,0
233.752,0
233.8,0
233.848,0
233.896,0
233.928,0
233.975,0
234.023,0
234.07,0
234.102,0
234.15,0
234.198,0
234.23,0
234.262,0
234.31,0
234.358,0
234.405,0
234.436,0
234.484,0
234.532,0
234.58,0
234.626,0
234.674,0
234.722,0
234.77,0
234.801,0
234.849,0
234.897,0
234.945,0
234.993,0
235.041,0
235.089,0
235.137,0
235.184,0
235.216,0
235.248,0
235.296,0
235.344,0
235.392,0
235.44,0
235.472,0
235.519,0
235.549,0
235.598,0
235.66,0
235.708,0
235.772,0
235.819,0
235.883,0
235.946,0
235.994,0
236.058,0
236.122,0
236.186,0
236.25,0
236.297,0
236.346,0
236.408,0
236.441,0
236.504,0
236.552,0
236.616,0
236.661,0
236.724,0
236.772,0
236.835,0
236.883,0
236.915,0
236.963,0
237.011,0
237.042,0
237.09,0
237.17,0
237.202,0
237.25,0
237.298,0
237.346,0
237.378,0
237.425,0
237.474,0
237.521,0
237.569,0
237.601,0
237.632,0
237.665,0
237.712,0
237.743,0
237.774,0
237.82,0
237.851,0
237.897,0
237.929,0
237.976,0
238.024,0
238.071,0
238.135,0
238.182,0
238.246,0
238.294,0
238.358,0
238.422,0
238.486,0
238.548,0
238.611,0
238.675,0
238.739,0
238.803,0
238.867,0
238.914,0
238.978,0
239.042,0
239.09,0
239.154,0
239.218,0
239.281,0
239.344,0
239.408,0
239.472,0
239.536,0
239.584,0
239.631,0
239.677,0
239.739,0
239.771,0
239.819,0
239.867,0
239.914,0
239.962,0
239.994,0
240.041,0
