tijd,meetwaarde
0.027,0
0.042,0
0.06,0
0.074,0
0.091,0
0.11,0
0.119,0
0.139,0
0.155,0
0.171,0
0.186,0
0.204,0
0.218,0
0.235,0
0.253,0
0.268,0
0.28,0
0.3,0
0.315,0
0.329,0
0.346,0
0.36,0
0.377,0
0.393,0
0.408,0
0.425,0
0.443,0
0.457,0
0.477,0
0.492,0
0.506,0
0.524,0
0.54,0
0.556,0
0.572,0
0.589,0
0.604,0
0.62,0
0.635,0
0.68,0
0.712,0
0.76,0
0.808,0
0.84,0
0.872,0
0.903,0
0.935,0
0.981,0
1.029,0
1.076,0
1.124,0
1.156,0
1.22,0
1.282,0
1.345,0
1.392,0
1.44,0
1.488,0
1.552,0
1.6,0
1.663,0
1.726,0
1.79,0
1.853,0
1.916,0
1.978,0
2.024,0
2.072,0
2.103,0
2.151,0
2.182,0
2.23,0
2.278,0
2.326,0
2.374,0
2.421,0
2.469,0
2.516,0
2.547,0
2.595,0
2.643,0
2.675,0
2.723,0
2.754,0
2.8,0
2.848,0
2.895,0
2.943,0
2.991,0
3.054,0
3.102,0
3.164,0
3.211,0
3.259,0
3.323,0
3.387,0
3.435,0
3.499,0
3.546,0
3.609,0
3.673,0
3.721,0
3.768,0
3.832,0
3.896,0
3.959,0
4.007,0
4.055,0
4.119,0
4.166,0
4.198,0
4.214,0
4.262,0
4.308,0
4.339,0
4.371,0
4.418,0
4.45,0
4.498,0
4.546,0
4.578,0
4.61,0
4.657,0
4.705,0
4.737,0
4.768,0
4.815,0
4.847,0
4.878,0
4.926,0
4.974,0
5.006,0
5.037,0
5.085,0
5.117,0
5.148,0
5.18,0
5.212,0
5.26,0
5.308,0
5.356,0
5.388,0
5.434,0
5.482,0
5.545,0
5.593,0
5.64,0
5.702,0
5.764,0
5.828,0
5.876,0
5.94,0
5.988,0
6.052,0
6.098,0
6.145,0
6.177,0
6.225,0
6.272,0
6.319,0
6.351,0
6.398,0
6.444,0
6.476,0
6.508,0
6.554,0
6.601,0
6.649,0
6.681,0
6.729,0
6.777,0
6.825,0
6.857,0
6.888,0
6.935,0
6.983,0
7.015,0
7.062,0
7.125,0
7.188,0
7.251,0
7.314,0
7.377,0
7.425,0
7.489,0
7.536,0
7.598,0
7.645,0
7.693,0
7.725,0
7.757,0
7.789,0
7.821,0
7.869,0
7.917,0
7.965,0
8.012,0
8.058,0
8.106,0
8.154,0
8.201,0
8.249,0
8.297,0
8.344,0
8.391,0
8.439,0
8.487,0
8.535,0
8.581,0
8.629,0
8.677,0
8.725,0
8.771,0
8.803,0
8.85,0
8.913,0
8.976,0
9.04,0
9.103,0
9.166,0
9.214,0
9.278,0
9.342,0
9.406,0
9.47,0
9.533,0
9.597,0
9.661,0
9.709,0
9.772,0
9.82,0
9.882,0
9.946,0
10.01,0
10.058,0
10.122,0
10.186,0
10.249,0
10.296,0
10.343,0
10.375,0
10.407,0
10.438,0
10.47,0
10.502,0
10.534,0
10.566,0
10.614,0
10.645,0
10.692,0
10.723,0
10.755,0
10.803,0
10.835,0
10.867,0
10.915,0
10.963,0
11.011,0
11.058,0
11.106,0
11.153,0
11.185,0
11.217,0
11.249,0
11.28,0
11.328,0
11.36,0
11.407,0
11.455,0
11.502,0
11.549,0
11.613,0
11.677,0
11.724,0
11.786,0
11.849,0
11.913,0
11.976,0
12.039,0
12.102,0
12.149,0
12.196,0
12.244,0
12.292,0
12.34,0
12.388,0
12.436,0
12.484,0
12.515,0
12.547,0
12.578,0
12.625,0
12.673,0
12.704,0
12.736,0
12.784,0
12.83,0
12.876,0
12.908,0
12.956,0
12.988,0
13.02,0
13.068,0
13.099,0
13.162,0
13.21,0
13.256,0
13.303,0
13.351,0
13.415,0
13.478,0
13.542,0
13.606,0
13.669,0
13.733,0
13.797,0
13.86,0
13.923,0
13.986,0
14.033,0
14.08,0
14.112,0
14.143,0
14.174,0
14.221,0
14.269,0
14.317,0
14.349,0
14.396,0
14.443,0
14.475,0
14.523,0
14.555,0
14.603,0
14.651,0
14.667,0
14.715,0
14.746,0
14.791,0
14.823,0
14.87,0
14.933,0
14.997,0
15.045,0
15.093,0
15.155,0
15.218,0
15.28,0
15.344,0
15.392,0
15.454,0
15.5,0
15.548,0
15.595,0
15.642,0
15.658,0
15.706,0
15.738,0
15.786,0
15.834,0
15.881,0
15.928,0
15.975,0
16.006,0
16.054,0
16.102,0
16.15,0
16.198,0
16.246,0
16.293,0
16.341,0
16.372,0
16.42,0
16.452,0
16.5,0
16.548,0
16.596,0
16.627,0
16.673,0
16.721,0
16.785,0
16.833,0
16.897,0
16.961,0
17.023,0
17.087,0
17.135,0
17.199,0
17.262,0
17.324,0
17.387,0
17.434,0
17.481,0
17.511,0
17.543,0
17.591,0
17.639,0
17.671,0
17.703,0
17.734,0
17.766,0
17.814,0
17.862,0
17.91,0
17.941,0
17.988,0
18.02,0
18.068,0
18.1,0
18.146,0
18.177,0
18.223,0
18.285,0
18.349,0
18.413,0
18.46,0
18.522,0
18.586,0
18.65,0
18.698,0
18.761,0
18.825,0
18.888,0
18.952,0
19.014,0
19.06,0
19.108,0
19.156,0
19.204,0
19.236,0
19.267,0
19.299,0
19.331,0
19.363,0
19.409,0
19.441,0
19.473,0
19.504,0
19.552,0
19.6,0
19.631,0
19.662,0
19.694,0
19.742,0
19.774,0
19.805,0
19.853,0
19.901,0
19.949,0
19.981,0
20.012,0
20.075,0
20.139,0
20.203,0
20.267,0
20.314,0
20.362,0
20.408,0
20.456,0
20.504,0
20.551,0
20.599,0
20.645,0
20.693,0
20.756,0
20.804,0
20.868,0
20.916,0
20.964,0
21.011,0
21.043,0
21.091,0
21.138,0
21.202,0
21.249,0
21.281,0
21.312,0
21.36,0
21.408,0
21.439,0
21.486,0
21.534,0
21.582,0
21.613,0
21.661,0
21.693,0
21.741,0
21.789,0
21.837,0
21.884,0
21.915,0
21.963,0
21.994,0
22.042,0
22.074,0
22.121,0
22.169,0
22.217,0
22.263,0
22.311,0
22.359,0
22.391,0
22.422,0
22.486,0
22.549,0
22.612,0
22.675,0
22.738,0
22.77,0
22.834,0
22.898,0
22.962,0
23.025,0
23.089,0
23.137,0
23.185,0
23.248,0
23.295,0
23.358,0
23.422,0
23.486,0
23.55,0
23.613,0
23.661,0
23.724,0
23.772,0
23.818,0
23.864,0
23.896,0
23.944,0
23.976,0
24.008,0
24.04,0
24.088,0
24.135,0
24.183,0
24.231,0
24.278,0
24.31,0
24.358,0
24.39,0
24.422,0
24.468,0
24.516,0
24.564,0
24.612,0
24.644,0
24.676,0
24.708,0
24.754,0
24.786,0
24.848,0
24.912,0
24.96,0
25.008,0
25.072,0
25.12,0
25.168,0
25.231,0
25.263,0
25.311,0
25.359,0
25.407,0
25.47,0
25.518,0
25.581,0
25.643,0
25.707,0
25.771,0
25.834,0
25.881,0
25.944,0
25.991,0
26.039,0
26.07,0
26.118,0
26.134,0
26.182,0
26.212,0
26.244,0
26.276,0
26.323,0
26.354,0
26.386,0
26.418,0
26.466,0
26.498,0
26.546,0
26.594,0
26.642,0
26.689,0
26.736,0
26.768,0
26.8,0
26.832,0
26.863,0
26.911,0
26.942,0
26.99,0
27.021,0
27.068,0
27.131,0
27.179,0
27.227,0
27.29,0
27.338,0
27.386,0
27.434,0
27.481,0
27.529,0
27.577,0
27.625,0
27.673,0
27.721,0
27.769,0
27.832,0
27.88,0
27.944,0
28.007,0
28.054,0
28.101,0
28.165,0
28.228,0
28.292,0
28.356,0
28.42,0
28.484,0
28.547,0
28.595,0
28.642,0
28.658,0
28.69,0
28.722,0
28.754,0
28.786,0
28.818,0
28.85,0
28.898,0
28.946,0
28.975,0
29.022,0
29.07,0
29.101,0
29.133,0
29.165,0
29.213,0
29.244,0
29.276,0
29.308,0
29.355,0
29.403,0
29.451,0
29.483,0
29.515,0
29.547,0
29.594,0
29.642,0
29.674,0
29.706,0
29.737,0
29.769,0
29.801,0
29.833,0
29.881,0
29.913,0
29.959,0
30.007,0
30.053,0
30.115,0
30.178,0
30.242,0
30.306,0
30.354,0
30.402,0
30.45,0
30.513,0
30.576,0
30.623,0
30.671,0
30.719,0
30.767,0
30.831,0
30.878,0
30.926,0
30.99,0
31.054,0
31.102,0
31.165,0
31.196,0
31.243,0
31.274,0
31.306,0
31.354,0
31.386,0
31.418,0
31.465,0
31.496,0
31.544,0
31.576,0
31.623,0
31.67,0
31.702,0
31.734,0
31.766,0
31.813,0
31.845,0
31.893,0
31.925,0
31.956,0
31.988,0
32.036,0
32.067,0
32.115,0
32.146,0
32.178,0
32.225,0
32.288,0
32.336,0
32.383,0
32.43,0
32.478,0
32.526,0
32.574,0
32.622,0
32.67,0
32.733,0
32.795,0
32.843,0
32.907,0
32.97,0
33.034,0
33.096,0
33.128,0
33.176,0
33.224,0
33.288,0
33.32,0
33.368,0
33.4,0
33.447,0
33.479,0
33.511,0
33.542,0
33.574,0
33.606,0
33.654,0
33.686,0
33.734,0
33.782,0
33.83,0
33.86,0
33.908,0
33.94,0
33.988,0
34.02,0
34.068,0
34.115,0
34.163,0
34.195,0
34.241,0
34.289,0
34.335,0
34.383,0
34.415,0
34.46,0
34.508,0
34.554,0
34.601,0
34.664,0
34.728,0
34.791,0
34.854,0
34.918,0
34.965,0
35.013,0
35.077,0
35.124,0
35.156,0
35.188,0
35.235,0
35.282,0
35.329,0
35.361,0
35.407,0
35.439,0
35.487,0
35.535,0
35.566,0
35.614,0
35.646,0
35.694,0
35.726,0
35.756,0
35.804,0
35.852,0
35.9,0
35.948,0
35.996,0
36.044,0
36.091,0
36.121,0
36.169,0
36.216,0
36.279,0
36.34,0
36.403,0
36.464,0
36.511,0
36.559,0
36.605,0
36.653,0
36.701,0
36.749,0
36.797,0
36.845,0
36.891,0
36.939,0
36.971,0
37.019,0
37.067,0
37.082,0
37.13,0
37.162,0
37.21,0
37.255,0
37.303,0
37.351,0
37.399,0
37.446,0
37.509,0
37.573,0
37.621,0
37.683,0
37.731,0
37.779,0
37.827,0
37.874,0
37.938,0
38.002,0
38.049,0
38.095,0
38.142,0
38.19,0
38.253,0
38.301,0
38.348,0
38.395,0
38.427,0
38.474,0
38.506,0
38.553,0
38.6,0
38.648,0
38.68,0
38.711,0
38.759,0
38.807,0
38.854,0
38.902,0
38.934,0
38.981,0
39.029,0
39.06,0
39.108,0
39.14,0
39.172,0
39.22,0
39.268,0
39.316,0
39.363,0
39.394,0
39.458,0
39.521,0
39.568,0
39.631,0
39.678,0
39.74,0
39.787,0
39.835,0
39.883,0
39.947,0
39.978,0
40.01,0
40.041,0
40.089,0
40.137,0
40.184,0
40.216,0
40.264,0
40.296,0
40.328,0
40.36,0
40.392,0
40.408,0
40.44,0
40.472,0
40.518,0
40.565,0
40.613,0
40.66,0
40.707,0
40.754,0
40.8,0
40.848,0
40.893,0
40.957,0
41.02,0
41.068,0
41.115,0
41.146,0
41.194,0
41.242,0
41.305,0
41.369,0
41.417,0
41.48,0
41.542,0
41.59,0
41.622,0
41.67,0
41.717,0
41.765,0
41.812,0
41.844,0
41.892,0
41.94,0
41.987,0
42.035,0
42.083,0
42.13,0
42.178,0
42.226,0
42.274,0
42.321,0
42.369,0
42.417,0
42.464,0
42.512,0
42.56,0
42.608,0
42.656,0
42.686,0
42.718,0
42.766,0
42.814,0
42.846,0
42.894,0
42.925,0
42.957,0
43.005,0
43.053,0
43.085,0
43.133,0
43.165,0
43.213,0
43.261,0
43.307,0
43.339,0
43.371,0
43.419,0
43.467,0
43.515,0
43.562,0
43.61,0
43.642,0
43.673,0
43.737,0
43.785,0
43.833,0
43.895,0
43.958,0
44.022,0
44.07,0
44.133,0
44.196,0
44.259,0
44.307,0
44.371,0
44.433,0
44.496,0
44.558,0
44.59,0
44.638,0
44.67,0
44.701,0
44.748,0
44.78,0
44.812,0
44.859,0
44.907,0
44.939,0
44.986,0
45.017,0
45.064,0
45.096,0
45.144,0
45.176,0
45.223,0
45.271,0
45.319,0
45.366,0
45.414,0
45.446,0
45.494,0
45.556,0
45.62,0
45.651,0
45.715,0
45.778,0
45.842,0
45.89,0
45.953,0
46.016,0
46.08,0
46.127,0
46.191,0
46.239,0
46.286,0
46.334,0
46.398,0
46.462,0
46.51,0
46.574,0
46.622,0
46.669,0
46.733,0
46.796,0
46.844,0
46.908,0
46.972,0
47.019,0
47.082,0
47.13,0
47.178,0
47.226,0
47.273,0
47.305,0
47.353,0
47.4,0
47.447,0
47.495,0
47.543,0
47.591,0
47.639,0
47.687,0
47.735,0
47.781,0
47.829,0
47.861,0
47.893,0
47.941,0
47.973,0
48.005,0
48.037,0
48.085,0
48.133,0
48.164,0
48.212,0
48.244,0
48.292,0
48.34,0
48.371,0
48.419,0
48.466,0
48.514,0
48.56,0
48.608,0
48.656,0
48.704,0
48.752,0
48.8,0
48.831,0
48.863,0
48.91,0
48.942,0
48.99,0
49.022,0
49.07,0
49.102,0
49.134,0
49.166,0
49.198,0
49.246,0
49.278,0
49.309,0
49.341,0
49.373,0
49.405,0
49.452,0
49.5,0
49.564,0
49.628,0
49.691,0
49.739,0
49.801,0
49.863,0
49.925,0
49.988,0
50.018,0
50.049,0
50.08,0
50.112,0
50.144,0
50.192,0
50.224,0
50.256,0
50.288,0
50.319,0
50.35,0
50.382,0
50.414,0
50.462,0
50.509,0
50.541,0
50.573,0
50.605,0
50.637,0
50.669,0
50.716,0
50.764,0
50.796,0
50.844,0
50.876,0
50.923,0
50.968,0
51.032,0
51.08,0
51.127,0
51.19,0
51.237,0
51.285,0
51.333,0
51.381,0
51.429,0
51.493,0
51.557,0
51.603,0
51.667,0
51.715,0
51.778,0
51.826,0
51.89,0
51.938,0
52.0,0
52.048,0
52.096,0
52.144,0
52.176,0
52.224,0
52.255,0
52.303,0
52.351,0
52.383,0
52.414,0
52.462,0
52.509,0
52.541,0
52.587,0
52.635,0
52.683,0
52.731,0
52.778,0
52.826,0
52.858,0
52.889,0
52.905,0
52.953,0
53.0,0
53.046,0
53.077,0
53.141,0
53.189,0
53.252,0
53.3,0
53.348,0
53.412,0
53.474,0
53.538,0
53.586,0
53.648,0
53.696,0
53.759,0
53.806,0
53.854,0
53.902,0
53.95,0
53.997,0
54.061,0
54.125,0
54.173,0
54.22,0
54.268,0
54.3,0
54.332,0
54.379,0
54.427,0
54.475,0
54.522,0
54.57,0
54.602,0
54.649,0
54.697,0
54.728,0
54.744,0
54.792,0
54.839,0
54.871,0
54.919,0
54.967,0
54.999,0
55.029,0
55.061,0
55.107,0
55.155,0
55.186,0
55.217,0
55.249,0
55.281,0
55.313,0
55.345,0
55.391,0
55.438,0
55.486,0
55.533,0
55.597,0
55.645,0
55.707,0
55.755,0
55.803,0
55.851,0
55.898,0
55.962,0
56.01,0
56.058,0
56.122,0
56.186,0
56.233,0
56.281,0
56.345,0
56.393,0
56.456,0
56.519,0
56.565,0
56.596,0
56.627,0
56.675,0
56.707,0
56.755,0
56.803,0
56.851,0
56.899,0
56.931,0
56.979,0
57.009,0
57.056,0
57.104,0
57.135,0
57.167,0
57.199,0
57.247,0
57.294,0
57.342,0
57.389,0
57.437,0
57.485,0
57.533,0
57.58,0
57.627,0
57.675,0
57.737,0
57.801,0
57.865,0
57.929,0
57.992,0
58.054,0
58.117,0
58.164,0
58.227,0
58.259,0
58.307,0
58.355,0
58.403,0
58.451,0
58.498,0
58.561,0
58.609,0
58.64,0
58.687,0
58.719,0
58.766,0
58.798,0
58.845,0
58.877,0
58.925,0
58.972,0
59.02,0
59.067,0
59.115,0
59.146,0
59.194,0
59.226,0
59.274,0
59.306,0
59.337,0
59.385,0
59.433,0
59.465,0
59.513,0
59.544,0
59.592,0
59.64,0
59.703,0
59.767,0
59.814,0
59.878,0
59.924,0
59.955,0
59.987,0
60.035,0
60.099,0
60.147,0
60.21,0
60.258,0
60.321,0
60.385,0
60.432,0
60.479,0
60.527,0
60.575,0
60.638,0
60.701,0
60.749,0
60.781,0
60.813,0
60.861,0
60.892,0
60.924,0
60.956,0
60.987,0
61.034,0
61.082,0
61.113,0
61.145,0
61.177,0
61.209,0
61.257,0
61.289,0
61.337,0
61.368,0
61.416,0
61.448,0
61.495,0
61.543,0
61.575,0
61.607,0
61.639,0
61.671,0
61.718,0
61.765,0
61.813,0
61.86,0
61.908,0
61.956,0
62.004,0
62.051,0
62.097,0
62.144,0
62.208,0
62.27,0
62.333,0
62.396,0
62.46,0
62.523,0
62.571,0
62.635,0
62.682,0
62.729,0
62.776,0
62.808,0
62.871,0
62.919,0
62.966,0
63.013,0
63.045,0
63.076,0
63.106,0
63.153,0
63.2,0
63.262,0
63.326,0
63.39,0
63.438,0
63.502,0
63.565,0
63.628,0
63.692,0
63.74,0
63.804,0
63.868,0
63.932,0
63.978,0
64.042,0
64.089,0
64.137,0
64.2,0
64.262,0
64.309,0
64.341,0
64.371,0
64.418,0
64.449,0
64.465,0
64.512,0
64.544,0
64.575,0
64.607,0
64.639,0
64.686,0
64.718,0
64.749,0
64.797,0
64.829,0
64.877,0
64.909,0
64.957,0
65.005,0
65.053,0
65.085,0
65.132,0
65.164,0
65.212,0
65.274,0
65.322,0
65.37,0
65.433,0
65.496,0
65.56,0
65.608,0
65.672,0
65.736,0
65.799,0
65.862,0
65.924,0
65.971,0
66.019,0
66.066,0
66.113,0
66.145,0
66.177,0
66.209,0
66.24,0
66.287,0
66.319,0
66.367,0
66.399,0
66.447,0
66.478,0
66.526,0
66.574,0
66.621,0
66.668,0
66.716,1348
66.764,10824
66.812,16196
66.86,18785
66.908,19770
66.94,19836
66.972,19553
67.003,19128
67.051,18613
67.067,17712
67.099,17394
67.147,16786
67.194,15958
67.226,12448
67.274,9362
67.322,6015
67.352,3870
67.4,2908
67.448,1865
67.496,1223
67.544,781
67.576,490
67.608,348
67.656,235
67.687,125
67.734,72
67.782,0
67.83,0
67.862,0
67.91,0
67.958,0
67.99,0
68.022,0
68.07,0
68.133,0
68.197,0
68.245,0
68.292,0
68.356,0
68.404,0
68.436,0
68.499,0
68.562,0
68.609,0
68.673,0
68.736,0
68.784,0
68.831,0
68.895,0
68.943,0
69.007,0
69.071,0
69.119,0
69.167,0
69.215,0
69.262,0
69.31,0
69.342,0
69.406,0
69.47,0
69.518,0
69.566,0
69.613,0
69.661,0
69.708,0
69.756,0
69.804,0
69.852,0
69.9,0
69.948,0
69.995,0
70.043,0
70.09,0
70.106,0
70.154,0
70.202,0
70.234,0
70.282,0
70.33,0
70.361,0
70.409,0
70.441,0
70.489,0
70.521,0
70.553,0
70.601,0
70.664,0
70.711,0
70.759,0
70.79,0
70.837,0
70.885,0
70.933,0
70.979,0
71.026,0
71.074,0
71.121,0
71.169,0
71.217,0
71.265,0
71.296,0
71.328,0
71.376,0
71.424,0
71.471,0
71.519,0
71.567,0
71.599,0
71.646,0
71.694,0
71.742,0
71.79,0
71.837,0
71.885,0
71.933,0
71.965,0
72.012,0
72.058,0
72.121,0
72.185,0
72.232,0
72.28,0
72.328,0
72.391,0
72.454,0
72.518,0
72.566,0
72.613,0
72.661,0
72.725,0
72.773,0
72.837,0
72.885,0
72.932,0
72.978,0
73.026,0
73.073,0
73.103,0
73.151,0
73.182,0
73.214,0
73.246,0
73.294,0
73.325,0
73.341,0
73.373,0
73.405,0
73.453,0
73.485,0
73.517,0
73.549,0
73.581,0
73.597,0
73.629,0
73.677,0
73.724,0
73.772,0
73.804,0
73.852,0
73.883,0
73.931,0
73.962,0
73.993,0
74.04,0
74.102,0
74.149,0
74.213,0
74.261,0
74.325,0
74.372,0
74.419,0
74.466,0
74.53,0
74.578,0
74.626,0
74.69,0
74.738,0
74.802,0
74.849,0
74.897,0
74.945,0
74.993,0
75.04,0
75.103,0
75.135,0
75.167,0
75.215,0
75.262,0
75.278,0
75.309,0
75.355,0
75.387,0
75.419,0
75.451,0
75.499,0
75.531,0
75.562,0
75.609,0
75.657,0
75.689,0
75.721,0
75.753,0
75.801,0
75.847,0
75.894,0
75.926,0
75.974,0
76.022,0
76.054,0
76.085,0
76.117,0
76.179,0
76.227,0
76.274,0
76.338,0
76.385,0
76.433,0
76.465,0
76.513,0
76.561,0
76.608,0
76.672,0
76.736,0
76.784,0
76.848,0
76.88,0
76.927,0
76.991,0
77.055,0
77.118,0
77.182,0
77.23,0
77.277,0
77.338,0
77.386,0
77.418,0
77.466,0
77.514,0
77.562,0
77.61,0
77.658,0
77.705,0
77.737,0
77.769,0
77.817,0
77.849,0
77.881,0
77.913,0
77.945,0
77.977,0
78.009,0
78.041,0
78.072,0
78.104,0
78.152,0
78.184,0
78.216,0
78.248,0
78.28,0
78.328,0
78.376,0
78.408,0
78.455,0
78.487,0
78.519,0
78.567,0
78.615,0
78.662,0
78.694,0
78.726,0
78.758,0
78.805,0
78.853,0
78.885,0
78.917,0
78.948,0
78.995,0
79.043,0
79.091,0
79.139,0
79.185,0
79.233,0
79.264,0
79.296,0
79.328,0
79.376,0
79.422,0
79.454,0
79.486,0
79.534,0
79.581,0
79.628,0
79.676,0
79.724,0
79.77,0
79.834,0
79.898,0
79.961,0
80.025,0
80.073,0
80.136,0
80.168,0
80.216,0
80.264,0
80.311,0
80.375,0
80.423,0
80.487,0
80.535,0
80.583,0
80.646,0
80.709,0
80.772,0
80.836,0
80.9,0
80.964,0
81.012,0
81.075,0
81.123,0
81.186,0
81.218,0
81.248,0
81.279,0
81.327,0
81.358,0
81.39,0
81.422,0
81.453,0
81.485,0
81.533,0
81.581,0
81.629,0
81.677,0
81.725,0
81.773,0
81.82,0
81.836,0
81.868,0
81.9,0
81.932,0
81.98,0
82.012,0
82.06,0
82.108,0
82.14,0
82.171,0
82.203,0
82.234,0
82.265,0
82.313,0
82.345,0
82.392,0
82.44,0
82.488,0
82.55,0
82.598,0
82.646,0
82.678,0
82.742,0
82.79,0
82.854,0
82.902,0
82.964,0
83.028,0
83.092,0
83.156,0
83.203,0
83.25,0
83.311,0
83.375,0
83.422,0
83.486,0
83.55,0
83.597,0
83.645,0
83.692,0
83.74,0
83.788,0
83.82,0
83.868,0
83.916,0
83.964,0
83.996,0
84.043,0
84.089,0
84.137,0
84.169,0
84.217,0
84.264,0
84.295,0
84.343,0
84.391,0
84.422,0
84.47,0
84.517,0
84.565,0
84.613,0
84.661,0
84.693,0
84.725,0
84.773,0
84.82,0
84.852,0
84.884,0
84.916,0
84.948,0
84.995,0
85.043,0
85.091,0
85.123,0
85.17,0
85.218,0
85.25,0
85.297,0
85.345,0
85.393,0
85.441,0
85.488,0
85.551,0
85.614,0
85.678,0
85.742,0
85.806,0
85.854,0
85.916,0
85.964,0
86.011,0
86.075,0
86.123,0
86.187,0
86.251,0
86.313,0
86.376,0
86.44,0
86.488,0
86.551,0
86.615,0
86.646,0
86.693,0
86.741,0
86.789,0
86.837,0
86.885,0
86.933,0
86.965,0
87.013,0
87.044,0
87.076,0
87.124,0
87.172,0
87.22,0
87.268,0
87.316,0
87.349,0
87.38,0
87.427,0
87.475,0
87.522,0
87.57,0
87.618,0
87.666,0
87.714,0
87.762,0
87.809,0
87.841,0
87.889,0
87.937,0
87.969,0
88.017,0
88.064,0
88.112,0
88.159,0
88.207,0
88.239,0
88.271,0
88.319,0
88.351,0
88.383,0
88.431,0
88.463,0
88.494,0
88.541,0
88.589,0
88.637,0
88.685,0
88.716,0
88.746,0
88.794,0
88.842,0
88.89,0
88.952,0
89.0,0
89.048,0
89.096,0
89.144,0
89.208,0
89.271,0
89.319,0
89.383,0
89.445,0
89.509,0
89.572,0
89.62,0
89.683,0
89.746,0
89.809,0
89.872,0
89.934,0
89.981,0
90.028,0
90.075,0
90.123,0
90.155,0
90.202,0
90.25,0
90.282,0
90.33,0
90.378,0
90.425,0
90.473,0
90.505,0
90.553,0
90.601,0
90.649,0
90.681,0
90.729,0
90.776,0
90.824,0
90.871,0
90.919,0
90.966,0
91.014,0
91.061,0
91.109,0
91.156,0
91.204,0
91.252,0
91.284,0
91.316,0
91.364,0
91.412,0
91.444,0
91.492,0
91.555,0
91.603,0
91.667,0
91.715,0
91.778,0
91.825,0
91.873,0
91.919,0
91.967,0
92.031,0
92.094,0
92.157,0
92.203,0
92.234,0
92.296,0
92.327,0
92.359,0
92.391,0
92.423,0
92.471,0
92.503,0
92.535,0
92.567,0
92.599,0
92.631,0
92.663,0
92.709,0
92.724,0
92.756,0
92.804,0
92.852,0
92.9,0
92.947,0
92.994,0
93.025,0
93.056,0
93.104,0
93.151,0
93.215,0
93.278,0
93.326,0
93.374,0
93.436,0
93.5,0
93.564,0
93.628,0
93.692,0
93.756,0
93.819,0
93.883,0
93.947,0
94.011,0
94.073,0
94.136,0
94.183,0
94.247,0
94.31,0
94.358,0
94.374,0
94.405,0
94.453,0
94.501,0
94.533,0
94.564,0
94.612,0
94.66,0
94.708,0
94.74,0
94.756,0
94.788,0
94.82,0
94.868,0
94.9,0
94.932,0
94.979,0
95.027,0
95.075,0
95.107,0
95.154,0
95.17,0
95.218,0
95.266,0
95.313,0
95.361,0
95.393,0
95.425,0
95.457,0
95.489,0
95.52,0
95.568,0
95.599,0
95.631,0
95.663,0
95.694,0
95.726,0
95.756,0
95.804,0
95.851,0
95.883,0
95.915,0
95.947,0
95.994,0
96.057,0
96.12,0
96.168,0
96.232,0
96.28,0
96.327,0
96.375,0
96.421,0
96.485,0
96.533,0
96.596,0
96.644,0
96.708,0
96.772,0
96.819,0
96.883,0
96.947,0
97.01,0
97.073,0
97.137,0
97.184,0
97.232,0
97.28,0
97.328,0
97.392,0
97.439,0
97.487,0
97.535,0
97.582,0
97.63,0
97.678,0
97.71,0
97.758,0
97.806,0
97.854,0
97.902,0
97.949,0
97.981,0
98.013,0
98.045,0
98.092,0
98.124,0
98.172,0
98.204,0
98.252,0
98.284,0
98.315,0
98.347,0
98.379,0
98.395,0
98.442,0
98.489,0
98.521,0
98.569,0
98.616,0
98.648,0
98.695,0
98.743,0
98.807,0
98.839,0
98.855,0
98.903,0
98.951,0
98.999,0
99.031,0
99.078,0
99.109,0
99.158,0
99.189,0
99.237,0
99.285,0
99.334,0
99.381,0
99.412,0
99.46,0
99.492,0
99.524,0
99.571,0
99.633,0
99.696,0
99.744,0
99.791,0
99.837,0
99.901,0
99.949,0
100.013,0
100.077,0
100.141,0
100.188,0
100.236,0
100.3,0
100.364,0
100.428,0
100.491,0
100.539,0
100.586,0
100.649,0
100.712,0
100.759,0
100.791,0
100.822,0
100.87,0
100.902,0
100.933,0
100.964,0
100.996,0
101.044,0
101.076,0
101.124,0
101.156,0
101.188,0
101.22,0
101.252,0
101.284,0
101.331,0
101.378,0
101.426,0
101.474,0
101.506,0
101.538,0
101.57,0
101.618,0
101.665,0
101.696,0
101.728,0
101.775,0
101.807,0
101.855,0
101.887,0
101.919,0
101.967,0
101.999,0
102.031,0
102.062,0
102.078,0
102.11,0
102.157,0
102.205,0
102.253,0
102.285,0
102.333,0
102.365,0
102.397,0
102.444,0
102.476,0
102.492,0
102.524,0
102.556,0
102.604,0
102.636,0
102.684,0
102.716,0
102.748,0
102.794,0
102.841,0
102.905,0
102.953,0
103.017,0
103.048,0
103.096,0
103.158,0
103.222,0
103.27,0
103.318,0
103.382,0
103.43,0
103.478,0
103.541,0
103.589,0
103.652,0
103.716,0
103.764,0
103.811,0
103.858,0
103.904,0
103.935,0
103.983,0
104.031,0
104.063,0
104.11,0
104.158,0
104.206,0
104.254,0
104.301,0
104.333,0
104.365,0
104.412,0
104.46,0
104.507,0
104.555,0
104.603,0
104.65,0
104.681,0
104.713,0
104.745,0
104.777,0
104.809,0
104.841,0
104.888,0
104.919,0
104.951,0
104.983,0
105.015,0
105.062,0
105.109,0
105.157,0
105.221,0
105.284,0
105.348,0
105.396,0
105.46,0
105.508,0
105.572,0
105.62,0
105.684,0
105.747,0
105.811,0
105.874,0
105.937,0
106.0,0
106.063,0
106.11,0
106.174,0
106.238,0
106.286,0
106.35,0
106.414,0
106.477,0
106.541,0
106.605,0
106.669,0
106.733,0
106.796,0
106.827,0
106.858,0
106.888,0
106.919,0
106.965,0
106.997,0
107.045,0
107.093,0
107.141,0
107.188,0
107.22,0
107.251,0
107.283,0
107.315,0
107.363,0
107.411,0
107.459,0
107.491,0
107.539,0
107.571,0
107.603,0
107.649,0
107.681,0
107.713,0
107.761,0
107.809,0
107.841,0
107.905,0
107.937,0
107.999,0
108.045,0
108.093,0
108.141,0
108.189,0
108.253,0
108.316,0
108.38,0
108.443,0
108.507,0
108.571,0
108.635,0
108.698,0
108.761,0
108.825,0
108.889,0
108.952,0
108.999,0
109.03,0
109.077,0
109.125,0
109.172,0
109.204,0
109.252,0
109.3,0
109.348,0
109.396,0
109.428,0
109.476,0
109.508,0
109.555,0
109.587,0
109.619,0
109.651,0
109.699,0
109.731,0
109.778,0
109.81,0
109.826,0
109.858,0
109.906,0
109.938,0
109.969,0
110.017,0
110.064,0
110.096,0
110.128,0
110.16,0
110.192,0
110.224,0
110.256,0
110.288,0
110.32,0
110.352,0
110.382,0
110.414,0
110.446,0
110.493,0
110.541,0
110.573,0
110.62,0
110.668,0
110.716,0
110.764,0
110.796,0
110.844,0
110.876,0
110.923,0
110.954,0
111.002,0
111.05,0
111.113,0
111.177,0
111.24,0
111.301,0
111.365,0
111.413,0
111.461,0
111.524,0
111.588,0
111.636,0
111.699,0
111.747,0
111.811,0
111.859,0
111.907,0
111.971,0
112.035,0
112.098,0
112.162,0
112.226,0
112.274,0
112.338,0
112.384,0
112.415,0
112.463,0
112.51,0
112.558,0
112.606,0
112.654,0
112.701,0
112.749,0
112.796,0
112.844,0
112.876,0
112.924,0
112.972,0
113.004,0
113.036,0
113.083,0
113.114,0
113.13,0
113.177,0
113.224,0
113.272,0
113.303,0
113.35,0
113.397,0
113.443,0
113.507,0
113.57,0
113.634,0
113.682,0
113.73,0
113.794,0
113.842,0
113.906,0
113.969,0
114.017,0
114.064,0
114.112,0
114.16,0
114.224,0
114.287,0
114.319,0
114.366,0
114.43,0
114.494,0
114.558,0
114.606,0
114.669,0
114.701,0
114.764,0
114.828,0
114.876,0
114.924,0
114.972,0
115.02,0
115.083,0
115.131,0
115.179,0
115.227,0
115.275,0
115.323,0
115.37,0
115.432,0
115.48,0
115.527,0
115.575,0
115.62,0
115.668,0
115.7,0
115.747,0
115.794,0
115.841,0
115.873,0
115.921,0
115.953,0
115.985,0
116.017,0
116.064,0
116.096,0
116.143,0
116.206,0
116.27,0
116.318,0
116.382,0
116.445,0
116.508,0
116.554,0
116.602,0
116.648,0
116.695,0
116.743,0
116.775,0
116.807,0
116.855,0
116.887,0
116.918,0
116.95,0
117.014,0
117.046,0
117.094,0
117.126,0
117.158,0
117.206,0
117.238,0
117.254,0
117.286,0
117.332,0
117.364,0
117.396,0
117.444,0
117.476,0
117.507,0
117.539,0
117.571,0
117.603,0
117.635,0
117.681,0
117.713,0
117.761,0
117.793,0
117.841,0
117.889,0
117.921,0
117.953,0
118.0,0
118.032,0
118.063,0
118.095,0
118.127,0
118.175,0
118.207,0
118.239,0
118.287,0
118.319,0
118.367,0
118.398,0
118.444,0
118.492,0
118.524,0
118.572,0
118.62,0
118.667,0
118.714,0
118.777,0
118.839,0
118.902,0
118.95,0
119.014,0
119.077,0
119.125,0
119.172,0
119.22,0
119.284,0
119.348,0
119.412,0
119.475,0
119.523,0
119.57,0
119.618,0
119.681,0
119.729,0
119.793,0
119.841,0
119.904,0
119.934,0
119.966,0
119.998,0
120.045,0
120.077,0
120.124,0
120.156,0
120.188,0
120.22,0
120.252,0
120.283,0
120.33,0
120.378,0
120.426,0
120.474,0
120.505,0
120.553,0
120.601,0
120.633,0
120.679,0
120.727,0
120.759,0
120.791,0
120.807,0
120.839,0
120.87,0
120.918,0
120.95,0
120.998,0
121.029,0
121.076,0
121.124,0
121.172,0
121.22,0
121.268,0
121.316,0
121.364,0
121.41,0
121.458,0
121.506,0
121.57,0
121.618,0
121.682,0
121.73,0
121.777,0
121.825,0
121.889,0
121.937,0
121.985,0
122.032,0
122.095,0
122.157,0
122.204,0
122.252,0
122.316,0
122.379,0
122.411,0
122.459,0
122.507,0
122.538,0
122.57,0
122.602,0
122.65,0
122.682,0
122.714,0
122.762,0
122.81,0
122.858,0
122.905,0
122.953,0
123.0,0
123.032,0
123.064,0
123.096,0
123.144,0
123.192,0
123.24,0
123.271,0
123.319,0
123.366,0
123.414,0
123.446,0
123.478,0
123.51,0
123.542,0
123.59,0
123.636,0
123.684,0
123.716,0
123.764,0
123.796,0
123.844,0
123.892,0
123.923,0
123.971,0
124.018,0
124.065,0
124.112,0
124.144,0
124.192,0
124.224,0
124.272,0
124.32,0
124.368,0
124.399,0
124.431,0
124.463,0
124.495,0
124.543,0
124.591,0
124.623,0
124.671,0
124.687,0
124.719,0
124.751,0
124.782,0
124.814,0
124.846,0
124.878,0
124.91,0
124.942,0
124.974,0
125.022,0
125.07,0
125.102,0
125.134,0
125.181,0
125.213,0
125.261,0
125.292,0
125.34,0
125.388,0
125.436,0
125.452,0
125.5,0
125.531,0
125.578,0
125.626,0
125.674,0
125.738,0
125.786,0
125.834,0
125.897,0
125.945,0
125.993,0
126.041,0
126.089,0
126.137,0
126.201,0
126.249,0
126.311,0
126.375,0
126.437,0
126.485,0
126.533,0
126.597,0
126.66,0
126.724,0
126.788,0
126.852,0
126.9,0
126.963,0
127.026,0
127.09,0
127.138,0
127.202,0
127.266,0
127.33,0
127.393,0
127.457,0
127.521,0
127.569,0
127.632,0
127.68,0
127.728,0
127.791,0
127.855,0
127.918,0
127.966,0
127.998,0
128.03,0
128.094,0
128.125,0
128.156,0
128.171,0
128.218,0
128.265,0
128.313,0
128.36,0
128.392,0
128.44,0
128.472,0
128.519,0
128.567,0
128.614,0
128.662,0
128.71,0
128.742,0
128.774,0
128.822,0
128.87,0
128.917,0
128.949,0
128.996,0
129.028,0
129.06,0
129.092,0
129.14,0
129.172,0
129.235,0
129.282,0
129.346,0
129.41,0
129.474,0
129.537,0
129.6,0
129.663,0
129.727,0
129.775,0
129.822,0
129.886,0
129.95,0
129.998,0
130.044,0
130.108,0
130.155,0
130.219,0
130.283,0
130.331,0
130.378,0
130.426,0
130.474,0
130.522,0
130.57,0
130.618,0
130.682,0
130.745,0
130.809,0
130.873,0
130.921,0
130.969,0
131.017,0
131.064,0
131.08,0
131.127,0
131.159,0
131.207,0
131.239,0
131.287,0
131.319,0
131.365,0
131.412,0
131.458,0
131.505,0
131.537,0
131.585,0
131.617,0
131.665,0
131.713,0
131.745,0
131.777,0
131.825,0
131.873,0
131.92,0
131.968,0
132.016,0
132.064,0
132.096,0
132.128,0
132.16,0
132.208,0
132.255,0
132.287,0
132.319,0
132.366,0
132.414,0
132.462,0
132.509,0
132.541,0
132.573,0
132.621,0
132.668,0
132.715,0
132.779,0
132.843,0
132.906,0
132.969,0
133.031,0
133.095,0
133.159,0
133.223,0
133.287,0
133.318,0
133.38,0
133.444,0
133.492,0
133.555,0
133.603,0
133.651,0
133.683,0
133.715,0
133.762,0
133.81,0
133.857,0
133.905,0
133.937,0
133.969,0
134.016,0
134.064,0
134.111,0
134.143,0
134.191,0
134.223,0
134.255,0
134.302,0
134.334,0
134.366,0
134.414,0
134.462,0
134.509,0
134.541,0
134.573,0
134.619,0
134.667,0
134.699,0
134.731,0
134.778,0
134.826,0
134.842,0
134.889,0
134.921,0
134.953,0
135.001,0
135.033,0
135.064,0
135.112,0
135.159,0
135.191,0
135.254,0
135.302,0
135.349,0
135.397,0
135.445,0
135.493,0
135.541,0
135.605,0
135.668,0
135.732,0
135.764,0
135.812,0
135.86,0
135.908,0
135.956,0
136.003,0
136.067,0
136.131,0
136.195,0
136.258,0
136.306,0
136.368,0
136.431,0
136.495,0
136.559,0
136.623,0
136.686,0
136.749,0
136.813,0
136.877,0
136.924,0
136.988,0
137.036,0
137.1,0
137.163,0
137.211,0
137.258,0
137.306,0
137.354,0
137.402,0
137.434,0
137.466,0
137.497,0
137.544,0
137.592,0
137.64,0
137.688,0
137.72,0
137.768,0
137.816,0
137.848,0
137.879,0
137.911,0
137.942,0
137.99,0
138.022,0
138.054,0
138.086,0
138.118,0
138.166,0
138.213,0
138.259,0
138.291,0
138.323,0
138.355,0
138.387,0
138.418,0
138.466,0
138.498,0
138.53,0
138.578,0
138.609,0
138.64,0
138.672,0
138.704,0
138.752,0
138.784,0
138.832,0
138.88,0
138.912,0
138.96,0
138.992,0
139.007,0
139.039,0
139.071,0
139.103,0
139.135,0
139.183,0
139.215,0
139.262,0
139.294,0
139.326,0
139.358,0
139.405,0
139.421,0
139.453,0
139.499,0
139.546,0
139.593,0
139.64,0
139.703,0
139.766,0
139.814,0
139.862,0
139.91,0
139.958,0
140.006,0
140.07,0
140.116,0
140.147,0
140.195,0
140.243,0
140.291,0
140.323,0
140.371,0
140.435,0
140.451,0
140.498,0
140.546,0
140.578,0
140.61,0
140.658,0
140.704,0
140.752,0
140.8,0
140.848,0
140.894,0
140.925,0
140.972,0
141.019,0
141.051,0
141.098,0
141.13,0
141.178,0
141.21,0
141.241,0
141.289,0
141.337,0
141.385,0
141.449,0
141.512,0
141.56,0
141.623,0
141.686,0
141.75,0
141.813,0
141.876,0
141.939,0
142.0,0
142.048,0
142.08,0
142.144,0
142.191,0
142.239,0
142.286,0
142.318,0
142.365,0
142.413,0
142.461,0
142.509,0
142.525,0
142.573,0
142.605,0
142.653,0
142.685,0
142.732,0
142.763,0
142.811,0
142.858,0
142.905,0
142.969,0
143.017,0
143.08,0
143.127,0
143.19,0
143.238,0
143.286,0
143.334,0
143.382,0
143.43,0
143.477,0
143.509,0
143.557,0
143.605,0
143.653,0
143.701,0
143.733,0
143.781,0
143.829,0
143.86,0
143.908,0
143.956,0
144.004,0
144.05,0
144.113,0
144.161,0
144.208,0
144.255,0
144.317,0
144.379,0
144.427,0
144.475,0
144.507,0
144.539,0
144.587,0
144.634,0
144.666,0
144.714,0
144.777,0
144.825,0
144.857,0
144.905,0
144.953,0
145.0,0
145.032,0
145.063,0
145.095,0
145.127,0
145.157,0
145.189,0
145.236,0
145.266,0
145.313,0
145.376,0
145.44,0
145.503,0
145.551,0
145.599,0
145.663,0
145.726,0
145.79,0
145.838,0
145.902,0
145.966,0
146.03,0
146.094,0
146.14,0
146.204,0
146.267,0
146.33,0
146.394,0
146.458,0
146.489,0
146.553,0
146.601,0
146.664,0
146.712,0
146.76,0
146.824,0
146.887,0
146.935,0
146.983,0
147.047,0
147.094,0
147.142,0
147.19,0
147.237,0
147.285,0
147.333,0
147.38,0
147.428,0
147.46,0
147.508,0
147.556,0
147.603,0
147.651,0
147.683,0
147.715,0
147.763,0
147.811,0
147.859,0
147.891,0
147.939,0
147.985,0
148.033,0
148.064,0
148.08,0
148.128,0
148.175,0
148.223,0
148.271,0
148.318,0
148.365,0
148.412,0
148.444,0
148.492,0
148.54,0
148.587,0
148.635,0
148.651,0
148.682,0
148.745,0
148.809,0
148.873,0
148.937,0
148.985,0
149.047,0
149.111,0
149.174,0
149.236,0
149.299,0
149.362,0
149.409,0
149.456,0
149.503,0
149.535,0
149.567,0
149.615,0
149.662,0
149.71,0
149.758,0
149.806,0
149.838,0
149.885,0
149.917,0
149.949,0
149.981,0
150.029,0
150.061,0
150.109,0
150.157,0
150.189,0
150.236,0
150.283,0
150.329,0
150.377,0
150.425,0
150.473,0
150.521,0
150.553,0
150.585,0
150.617,0
150.647,0
150.678,0
150.726,0
150.774,0
150.806,0
150.854,0
150.917,0
150.981,0
151.028,0
151.091,0
151.155,0
151.202,0
151.25,0
151.312,0
151.376,0
151.423,0
151.486,0
151.548,0
151.595,0
151.627,0
151.674,0
151.722,0
151.77,0
151.817,0
151.865,0
151.913,0
151.961,0
151.992,0
152.04,0
152.072,0
152.104,0
152.136,0
152.183,0
152.231,0
152.279,0
152.295,0
152.327,0
152.358,0
152.406,0
152.452,0
152.5,0
152.531,0
152.578,0
152.626,0
152.658,0
152.706,0
152.754,0
152.786,0
152.818,0
152.85,0
152.881,0
152.913,0
152.961,0
152.992,0
153.056,0
153.12,0
153.168,0
153.231,0
153.278,0
153.342,0
153.405,0
153.451,0
153.499,0
153.563,0
153.627,0
153.674,0
153.722,0
153.77,0
153.818,0
153.882,0
153.946,0
154.009,0
154.057,0
154.121,0
154.169,0
154.233,0
154.281,0
154.345,0
154.391,0
154.439,0
154.487,0
154.535,0
154.598,0
154.662,0
154.694,0
154.742,0
154.773,0
154.82,0
154.868,0
154.9,0
154.932,0
154.964,0
155.012,0
155.06,0
155.092,0
155.139,0
155.171,0
155.202,0
155.25,0
155.281,0
155.313,0
155.361,0
155.409,0
155.44,0
155.488,0
155.519,0
155.566,0
155.614,0
155.646,0
155.694,0
155.742,0
155.79,0
155.838,0
155.87,0
155.901,0
155.949,0
155.997,0
156.045,0
156.093,0
156.141,0
156.189,0
156.237,0
156.284,0
156.316,0
156.364,0
156.411,0
156.443,0
156.475,0
156.523,0
156.555,0
156.602,0
156.633,0
156.665,0
156.713,0
156.761,0
156.793,0
156.841,0
156.873,0
156.921,0
156.984,0
157.015,0
157.078,0
157.142,0
157.206,0
157.27,0
157.334,0
157.397,0
157.445,0
157.508,0
157.572,0
157.636,0
157.668,0
157.732,0
157.779,0
157.827,0
157.89,0
157.953,0
158.017,0
158.064,0
158.127,0
158.191,0
158.255,0
158.303,0
158.367,0
158.4,0
158.447,0
158.494,0
158.558,0
158.622,0
158.685,0
158.733,0
158.765,0
158.797,0
158.829,0
158.861,0
158.908,0
158.955,0
158.987,0
159.034,0
159.081,0
159.113,0
159.161,0
159.208,0
159.238,0
159.254,0
159.302,0
159.334,0
159.382,0
159.43,0
159.478,0
159.526,0
159.558,0
159.59,0
159.621,0
159.669,0
159.717,0
159.765,0
159.797,0
159.845,0
159.877,0
159.925,0
159.941,0
159.973,0
160.02,0
160.052,0
160.084,0
160.132,0
160.18,0
160.228,0
160.276,0
160.324,0
160.372,0
160.403,0
160.451,0
160.499,0
160.531,0
160.547,0
160.578,0
160.61,0
160.658,0
160.706,0
160.736,0
160.784,0
160.832,0
160.864,0
160.911,0
160.975,0
161.038,0
161.101,0
161.162,0
161.21,0
161.273,0
161.336,0
161.384,0
161.447,0
161.479,0
161.526,0
161.59,0
161.622,0
161.67,0
161.702,0
161.734,0
161.766,0
161.798,0
161.846,0
161.894,0
161.941,0
161.989,0
162.036,0
162.068,0
162.116,0
162.148,0
162.179,0
162.211,0
162.259,0
162.306,0
162.353,0
162.401,0
162.449,0
162.497,0
162.545,0
162.592,0
162.623,0
162.67,0
162.718,0
162.75,0
162.798,0
162.846,0
162.878,0
162.926,0
162.958,0
163.005,0
163.052,0
163.1,0
163.132,0
163.164,0
163.18,0
163.228,0
163.275,0
163.323,0
163.355,0
163.403,0
163.45,0
163.498,0
163.546,0
163.578,0
163.626,0
163.674,0
163.722,0
163.769,0
163.816,0
163.88,0
163.944,0
163.992,0
164.04,0
164.104,0
164.166,0
164.214,0
164.26,0
164.323,0
164.387,0
164.45,0
164.498,0
164.561,0
164.609,0
164.673,0
164.737,0
164.801,0
164.865,0
164.928,0
164.992,0
165.056,0
165.12,0
165.183,0
165.231,0
165.276,0
165.324,0
165.372,0
165.42,0
165.468,0
165.5,0
165.532,0
165.562,0
165.61,0
165.657,0
165.704,0
165.751,0
165.799,0
165.847,0
165.878,0
165.926,0
165.974,0
166.006,0
166.052,0
166.1,0
166.164,0
166.228,0
166.291,0
166.355,0
166.418,0
166.48,0
166.544,0
166.592,0
166.64,0
166.704,0
166.736,0
166.798,0
166.83,0
166.894,0
166.942,0
166.99,0
167.038,0
167.102,0
167.165,0
167.227,0
167.291,0
167.355,0
167.402,0
167.434,0
167.466,0
167.514,0
167.56,0
167.576,0
167.624,0
167.672,0
167.72,0
167.767,0
167.799,0
167.847,0
167.879,0
167.926,0
167.974,0
167.99,0
168.038,0
168.086,0
168.134,0
168.181,0
168.229,0
168.292,0
168.34,0
168.387,0
168.435,0
168.466,0
168.498,0
168.53,0
168.577,0
168.609,0
168.656,0
168.688,0
168.736,0
168.784,0
168.832,0
168.88,0
168.912,0
168.96,0
168.992,0
169.038,0
169.086,0
169.134,0
169.182,0
169.23,0
169.292,0
169.356,0
169.402,0
169.465,0
169.513,0
169.561,0
169.625,0
169.688,0
169.752,0
169.815,0
169.863,0
169.926,0
169.99,0
170.038,0
170.086,0
170.148,0
170.18,0
170.227,0
170.259,0
170.291,0
170.338,0
170.385,0
170.433,0
170.465,0
170.512,0
170.544,0
170.576,0
170.624,0
170.672,0
170.704,0
170.751,0
170.799,0
170.831,0
170.879,0
170.926,0
170.974,0
171.022,0
171.07,0
171.102,0
171.134,0
171.182,0
171.23,0
171.277,0
171.324,0
171.356,0
171.402,0
171.449,0
171.513,0
171.577,0
171.625,0
171.687,0
171.735,0
171.798,0
171.846,0
171.91,0
171.974,0
172.021,0
172.085,0
172.133,0
172.197,0
172.261,0
172.309,0
172.357,0
172.419,0
172.467,0
172.53,0
172.594,0
172.658,0
172.706,0
172.754,0
172.801,0
172.849,0
172.913,0
172.977,0
173.041,0
173.105,0
173.168,0
173.2,0
173.264,0
173.328,0
173.392,0
173.454,0
173.501,0
173.548,0
173.596,0
173.644,0
173.692,0
173.739,0
173.771,0
173.818,0
173.85,0
173.897,0
173.945,0
173.977,0
174.025,0
174.073,0
174.121,0
174.169,0
174.216,0
174.263,0
174.295,0
174.343,0
174.391,0
174.422,0
174.47,0
174.501,0
174.548,0
174.58,0
174.627,0
174.675,0
174.722,0
174.786,0
174.85,0
174.914,0
174.962,0
175.025,0
175.089,0
175.153,0
175.217,0
175.265,0
175.328,0
175.375,0
175.439,0
175.502,0
175.548,0
175.612,0
175.676,0
175.739,0
175.801,0
175.849,0
175.897,0
175.945,0
176.009,0
176.072,0
176.104,0
176.151,0
176.183,0
176.23,0
176.278,0
176.326,0
176.374,0
176.422,0
176.454,0
176.501,0
176.532,0
176.578,0
176.609,0
176.657,0
176.705,0
176.752,0
176.8,0
176.848,0
176.879,0
176.926,0
176.974,0
177.006,0
177.054,0
177.086,0
177.134,0
177.182,0
177.214,0
177.261,0
177.309,0
177.341,0
177.373,0
177.421,0
177.469,0
177.501,0
177.549,0
177.597,0
177.644,0
177.692,0
177.74,0
177.788,0
177.836,0
177.884,0
177.916,0
177.948,0
177.995,0
178.042,0
178.09,0
178.154,0
178.218,0
178.281,0
178.329,0
178.392,0
178.44,0
178.488,0
178.552,0
178.598,0
178.646,0
178.694,0
178.756,0
178.803,0
178.866,0
178.93,0
178.977,0
179.025,0
179.073,0
179.12,0
179.152,0
179.2,0
179.248,0
179.296,0
179.344,0
179.376,0
179.424,0
179.472,0
179.519,0
179.566,0
179.614,0
179.661,0
179.709,0
179.741,0
179.773,0
179.821,0
179.866,0
179.898,0
179.945,0
179.993,0
180.041,0
