tijd,meetwaarde
0.04,0
0.087,0
0.151,0
0.198,0
0.244,0
0.291,0
0.355,0
0.419,0
0.483,0
0.531,0
0.578,0
0.625,0
0.657,0
0.721,0
0.785,0
0.848,0
0.912,0
0.959,0
1.007,0
1.053,0
1.085,0
1.117,0
1.165,0
1.213,0
1.244,0
1.291,0
1.322,0
1.354,0
1.402,0
1.45,0
1.482,0
1.514,0
1.562,0
1.594,0
1.642,0
1.689,0
1.721,0
1.753,0
1.785,0
1.816,0
1.848,0
1.88,0
1.927,0
1.975,0
2.023,0
2.069,0
2.116,0
2.164,0
2.196,0
2.244,0
2.275,0
2.339,0
2.386,0
2.448,0
2.48,0
2.528,0
2.591,0
2.654,0
2.717,0
2.765,0
2.813,0
2.86,0
2.924,0
2.987,0
3.035,0
3.066,0
3.114,0
3.162,0
3.209,0
3.241,0
3.288,0
3.336,0
3.384,0
3.431,0
3.479,0
3.527,0
3.574,0
3.622,0
3.654,0
3.686,0
3.734,0
3.782,0
3.814,0
3.846,0
3.894,0
3.94,0
3.988,0
4.036,0
4.082,0
4.13,0
4.162,0
4.193,0
4.225,0
4.273,0
4.289,0
4.32,0
4.368,0
4.416,0
4.448,0
4.48,0
4.512,0
4.544,0
4.576,0
4.608,0
4.656,0
4.688,0
4.735,0
4.783,0
4.815,0
4.847,0
4.879,0
4.927,0
4.975,0
5.023,0
5.07,0
5.118,0
5.166,0
5.198,0
5.245,0
5.293,0
5.357,0
5.42,0
5.483,0
5.531,0
5.594,0
5.642,0
5.706,0
5.77,0
5.832,0
5.895,0
5.959,0
6.007,0
6.055,0
6.119,0
6.166,0
6.212,0
6.276,0
6.324,0
6.386,0
6.433,0
6.481,0
6.528,0
6.559,0
6.591,0
6.639,0
6.687,0
6.735,0
6.783,0
6.815,0
6.862,0
6.91,0
6.957,0
6.989,0
7.037,0
7.069,0
7.101,0
7.133,0
7.164,0
7.212,0
7.244,0
7.292,0
7.323,0
7.37,0
7.418,0
7.466,0
7.514,0
7.546,0
7.594,0
7.626,0
7.658,0
7.689,0
7.721,0
7.769,0
7.801,0
7.849,0
7.897,0
7.945,0
7.993,0
8.041,0
8.072,0
8.104,0
8.136,0
8.168,0
8.2,0
8.232,0
8.264,0
8.296,0
8.344,0
8.376,0
8.422,0
8.469,0
8.516,0
8.563,0
8.611,0
8.659,0
8.707,0
8.754,0
8.802,0
8.85,0
8.914,0
8.961,0
9.007,0
9.054,0
9.102,0
9.134,0
9.198,0
9.246,0
9.294,0
9.341,0
9.389,0
9.435,0
9.467,0
9.514,0
9.562,0
9.594,0
9.626,0
9.673,0
9.704,0
9.736,0
9.784,0
9.815,0
9.847,0
9.895,0
9.927,0
9.975,0
10.023,0
10.07,0
10.117,0
10.149,0
10.197,0
10.244,0
10.292,0
10.323,0
10.355,0
10.403,0
10.434,0
10.466,0
10.498,0
10.53,0
10.562,0
10.61,0
10.657,0
10.721,0
10.769,0
10.832,0
10.879,0
10.943,0
11.006,0
11.069,0
11.133,0
11.196,0
11.243,0
11.306,0
11.354,0
11.418,0
11.482,0
11.545,0
11.593,0
11.64,0
11.687,0
11.719,0
11.751,0
11.783,0
11.799,0
11.847,0
11.895,0
11.941,0
11.989,0
12.02,0
12.067,0
12.115,0
12.147,0
12.195,0
12.242,0
12.289,0
12.337,0
12.385,0
12.417,0
12.449,0
12.497,0
12.545,0
12.592,0
12.64,0
12.671,0
12.703,0
12.751,0
12.783,0
12.831,0
12.879,0
12.927,0
12.975,0
13.023,0
13.07,0
13.118,0
13.149,0
13.181,0
13.212,0
13.276,0
13.324,0
13.388,0
13.435,0
13.483,0
13.547,0
13.595,0
13.659,0
13.707,0
13.771,0
13.832,0
13.88,0
13.943,0
13.991,0
14.039,0
14.087,0
14.151,0
14.214,0
14.277,0
14.325,0
14.371,0
14.419,0
14.483,0
14.531,0
14.577,0
14.608,0
14.64,0
14.686,0
14.734,0
14.782,0
14.814,0
14.846,0
14.877,0
14.908,0
14.939,0
14.97,0
15.001,0
15.033,0
15.081,0
15.129,0
15.161,0
15.193,0
15.241,0
15.288,0
15.32,0
15.352,0
15.399,0
15.447,0
15.511,0
15.575,0
15.639,0
15.702,0
15.766,0
15.83,0
15.893,0
15.957,0
16.004,0
16.066,0
16.13,0
16.193,0
16.257,0
16.321,0
16.384,0
16.447,0
16.511,0
16.559,0
16.607,0
16.671,0
16.735,0
16.798,0
16.861,0
16.909,0
16.956,0
17.004,0
17.035,0
17.082,0
17.13,0
17.161,0
17.209,0
17.241,0
17.289,0
17.32,0
17.368,0
17.416,0
17.464,0
17.512,0
17.559,0
17.607,0
17.654,0
17.702,0
17.75,0
17.798,0
17.846,0
17.894,0
17.94,0
17.972,0
18.019,0
18.051,0
18.097,0
18.144,0
18.208,0
18.256,0
18.303,0
18.351,0
18.415,0
18.462,0
18.509,0
18.557,0
18.605,0
18.669,0
18.717,0
18.781,0
18.829,0
18.892,0
18.955,0
19.002,0
19.05,0
19.098,0
19.144,0
19.176,0
19.237,0
19.269,0
19.317,0
19.364,0
19.411,0
19.459,0
19.491,0
19.538,0
19.586,0
19.618,0
19.65,0
19.682,0
19.714,0
19.745,0
19.777,0
19.825,0
19.856,0
19.888,0
19.919,0
19.951,0
19.999,0
20.046,0
20.078,0
20.11,0
20.156,0
20.203,0
20.266,0
20.33,0
20.394,0
20.457,0
20.505,0
20.552,0
20.6,0
20.648,0
20.712,0
20.776,0
20.839,0
20.887,0
20.95,0
20.998,0
21.062,0
21.126,0
21.188,0
21.236,0
21.283,0
21.33,0
21.378,0
21.426,0
21.471,0
21.503,0
21.55,0
21.598,0
21.63,0
21.677,0
21.725,0
21.757,0
21.805,0
21.853,0
21.901,0
21.932,0
21.964,0
22.012,0
22.044,0
22.091,0
22.139,0
22.187,0
22.219,0
22.267,0
22.314,0
22.362,0
22.393,0
22.441,0
22.504,0
22.552,0
22.616,0
22.678,0
22.74,0
22.788,0
22.852,0
22.914,0
22.977,0
23.041,0
23.087,0
23.118,0
23.15,0
23.182,0
23.229,0
23.277,0
23.309,0
23.357,0
23.389,0
23.436,0
23.484,0
23.516,0
23.548,0
23.579,0
23.611,0
23.659,0
23.707,0
23.754,0
23.802,0
23.833,0
23.865,0
23.913,0
23.961,0
24.009,0
24.057,0
24.104,0
24.151,0
24.183,0
24.23,0
24.277,0
24.324,0
24.37,0
24.434,0
24.482,0
24.527,0
24.575,0
24.623,0
24.671,0
24.717,0
24.781,0
24.829,0
24.893,0
24.956,0
25.003,0
25.034,0
25.082,0
25.13,0
25.162,0
25.21,0
25.257,0
25.305,0
25.353,0
25.383,0
25.414,0
25.446,0
25.478,0
25.526,0
25.574,0
25.604,0
25.652,0
25.699,0
25.747,0
25.794,0
25.855,0
25.903,0
25.951,0
25.997,0
26.061,0
26.109,0
26.172,0
26.22,0
26.284,0
26.348,0
26.396,0
26.458,0
26.521,0
26.552,0
26.6,0
26.632,0
26.664,0
26.712,0
26.744,0
26.792,0
26.84,0
26.871,0
26.902,0
26.934,0
26.98,0
27.027,0
27.074,0
27.122,0
27.154,0
27.202,0
27.234,0
27.282,0
27.314,0
27.36,0
27.392,0
27.424,0
27.471,0
27.503,0
27.551,0
27.583,0
27.63,0
27.678,0
27.724,0
27.788,0
27.836,0
27.884,0
27.932,0
27.995,0
28.058,0
28.121,0
28.169,0
28.217,0
28.264,0
28.326,0
28.373,0
28.437,0
28.466,0
28.514,0
28.546,0
28.594,0
28.642,0
28.69,0
28.722,0
28.77,0
28.817,0
28.864,0
28.911,0
28.943,0
28.975,0
29.007,0
29.054,0
29.102,0
29.15,0
29.198,0
29.246,0
29.292,0
29.324,0
29.372,0
29.42,0
29.452,0
29.498,0
29.545,0
29.609,0
29.673,0
29.737,0
29.784,0
29.846,0
29.894,0
29.942,0
29.99,0
30.038,0
30.102,0
30.165,0
30.228,0
30.275,0
30.323,0
30.387,0
30.451,0
30.513,0
30.56,0
30.592,0
30.64,0
30.656,0
30.703,0
30.735,0
30.782,0
30.813,0
30.845,0
30.877,0
30.925,0
30.973,0
31.005,0
31.037,0
31.084,0
31.115,0
31.163,0
31.195,0
31.243,0
31.275,0
31.307,0
31.355,0
31.403,0
31.432,0
31.48,0
31.528,0
31.558,0
31.59,0
31.622,0
31.654,0
31.686,0
31.733,0
31.781,0
31.844,0
31.908,0
31.972,0
32.036,0
32.083,0
32.131,0
32.193,0
32.257,0
32.304,0
32.368,0
32.415,0
32.479,0
32.527,0
32.575,0
32.623,0
32.671,0
32.734,0
32.782,0
32.846,0
32.91,0
32.974,0
33.022,0
33.069,0
33.116,0
33.18,0
33.228,0
33.292,0
33.356,0
33.403,0
33.45,0
33.496,0
33.544,0
33.576,0
33.623,0
33.655,0
33.702,0
33.734,0
33.781,0
33.812,0
33.843,0
33.875,0
33.923,0
33.971,0
34.003,0
34.034,0
34.081,0
34.129,0
34.161,0
34.193,0
34.238,0
34.301,0
34.349,0
34.413,0
34.477,0
34.524,0
34.588,0
34.634,0
34.698,0
34.761,0
34.825,0
34.873,0
34.936,0
34.983,0
35.031,0
35.079,0
35.142,0
35.19,0
35.238,0
35.27,0
35.317,0
35.349,0
35.381,0
35.413,0
35.461,0
35.508,0
35.556,0
35.587,0
35.635,0
35.683,0
35.714,0
35.761,0
35.809,0
35.841,0
35.889,0
35.936,0
35.983,0
36.031,0
36.079,0
36.127,0
36.174,0
36.22,0
36.252,0
36.284,0
36.332,0
36.363,0
36.426,0
36.49,0
36.536,0
36.598,0
36.646,0
36.694,0
36.74,0
36.788,0
36.852,0
36.915,0
36.946,0
36.994,0
37.026,0
37.058,0
37.089,0
37.12,0
37.167,0
37.215,0
37.262,0
37.294,0
37.326,0
37.374,0
37.405,0
37.452,0
37.5,0
37.547,0
37.578,0
37.61,0
37.658,0
37.705,0
37.753,0
37.816,0
37.879,0
37.911,0
37.975,0
38.038,0
38.086,0
38.134,0
38.198,0
38.245,0
38.309,0
38.357,0
38.405,0
38.469,0
38.533,0
38.581,0
38.644,0
38.692,0
38.74,0
38.787,0
38.835,0
38.883,0
38.931,0
38.995,0
39.042,0
39.089,0
39.137,0
39.185,0
39.233,0
39.281,0
39.344,0
39.392,0
39.454,0
39.518,0
39.581,0
39.629,0
39.693,0
39.756,0
39.803,0
39.835,0
39.883,0
39.931,0
39.979,0
40.027,0
40.059,0
40.106,0
40.138,0
40.186,0
40.233,0
40.281,0
40.329,0
40.376,0
40.439,0
40.486,0
40.533,0
40.565,0
40.596,0
40.644,0
40.676,0
40.707,0
40.754,0
40.802,0
40.85,0
40.882,0
40.93,0
40.977,0
41.041,0
41.105,0
41.152,0
41.184,0
41.232,0
41.295,0
41.343,0
41.406,0
41.47,0
41.501,0
41.564,0
41.628,0
41.691,0
41.755,0
41.818,0
41.881,0
41.929,0
41.992,0
42.04,0
42.071,0
42.103,0
42.151,0
42.181,0
42.229,0
42.276,0
42.324,0
42.372,0
42.403,0
42.451,0
42.483,0
42.531,0
42.579,0
42.626,0
42.658,0
42.69,0
42.738,0
42.786,0
42.818,0
42.866,0
42.898,0
42.946,0
42.992,0
43.024,0
43.071,0
43.103,0
43.135,0
43.183,0
43.231,0
43.279,0
43.327,0
43.359,0
43.405,0
43.452,0
43.515,0
43.579,0
43.626,0
43.69,0
43.754,0
43.801,0
43.848,0
43.912,0
43.975,0
44.038,0
44.101,0
44.164,0
44.211,0
44.259,0
44.323,0
44.37,0
44.402,0
44.448,0
44.495,0
44.526,0
44.574,0
44.622,0
44.67,0
44.718,0
44.765,0
44.797,0
44.844,0
44.891,0
44.938,0
44.986,0
45.018,0
45.05,0
45.082,0
45.13,0
45.177,0
45.209,0
45.257,0
45.289,0
45.32,0
45.352,0
45.399,0
45.447,214
45.51,7534
45.574,15675
45.622,19075
45.686,19813
45.733,19578
45.781,18915
45.828,18057
45.892,17165
45.94,15997
46.002,12747
46.066,7294
46.129,4039
46.193,2256
46.241,1250
46.289,810
46.352,511
46.4,266
46.463,112
46.526,22
46.574,0
46.605,0
46.653,0
46.7,0
46.732,0
46.78,0
46.811,0
46.859,0
46.891,0
46.939,0
46.987,0
47.034,0
47.081,0
47.127,0
47.174,0
47.206,0
47.253,0
47.301,0
47.349,0
47.396,0
47.444,0
47.492,0
47.524,0
47.586,0
47.65,0
47.698,0
47.762,0
47.81,0
47.874,0
47.938,0
48.001,0
48.064,0
48.128,0
48.176,0
48.24,0
48.303,0
48.366,0
48.43,0
48.494,0
48.542,0
48.606,0
48.654,0
48.702,0
48.749,0
48.813,0
48.876,0
48.924,0
48.987,0
49.049,0
49.08,0
49.128,0
49.176,0
49.192,0
49.224,0
49.256,0
49.287,0
49.319,0
49.351,0
49.383,0
49.415,0
49.461,0
49.509,0
49.541,0
49.589,0
49.621,0
49.653,0
49.685,0
49.732,0
49.78,0
49.811,0
49.843,0
49.89,0
49.906,0
49.954,0
50.002,0
50.033,0
50.079,0
50.11,0
50.158,0
50.221,0
50.285,0
50.333,0
50.397,0
50.46,0
50.508,0
50.556,0
50.62,0
50.668,0
50.715,0
50.779,0
50.827,0
50.875,0
50.923,0
50.986,0
51.05,0
51.112,0
51.176,0
51.24,0
51.288,0
51.352,0
51.416,0
51.464,0
51.511,0
51.575,0
51.623,0
51.687,0
51.751,0
51.815,0
51.878,0
51.941,0
52.005,0
52.069,0
52.116,0
52.179,0
52.242,0
52.29,0
52.338,0
52.386,0
52.449,0
52.497,0
52.529,0
52.577,0
52.624,0
52.671,0
52.703,0
52.735,0
52.75,0
52.798,0
52.846,0
52.878,0
52.926,0
52.958,0
52.989,0
53.021,0
53.053,0
53.085,0
53.133,0
53.164,0
53.212,0
53.26,0
53.308,0
53.34,0
53.371,0
53.419,0
53.465,0
53.513,0
53.561,0
53.592,0
53.624,0
53.656,0
53.688,0
53.72,0
53.751,0
53.799,0
53.847,0
53.895,0
53.943,0
53.975,0
54.007,0
54.054,0
54.086,0
54.133,0
54.164,0
54.212,0
54.259,0
54.323,0
54.387,0
54.451,0
54.514,0
54.562,0
54.626,0
54.69,0
54.738,0
54.802,0
54.865,0
54.913,0
54.96,0
55.008,0
55.056,0
55.119,0
55.181,0
55.243,0
55.275,0
55.322,0
55.354,0
55.385,0
55.417,0
55.449,0
55.481,0
55.529,0
55.577,0
55.624,0
55.656,0
55.703,0
55.751,0
55.783,0
55.831,0
55.879,0
55.927,0
55.958,0
56.005,0
56.037,0
56.068,0
56.116,0
56.164,0
56.195,0
56.226,0
56.274,0
56.322,0
56.368,0
56.432,0
56.48,0
56.544,0
56.608,0
56.672,0
56.735,0
56.799,0
56.863,0
56.927,0
56.99,0
57.053,0
57.1,0
57.162,0
57.226,0
57.29,0
57.352,0
57.4,0
57.447,0
57.493,0
57.541,0
57.589,0
57.636,0
57.683,0
57.714,0
57.746,0
57.778,0
57.81,0
57.826,0
57.857,0
57.904,0
57.951,0
57.999,0
58.031,0
58.079,0
58.111,0
58.143,0
58.174,0
58.206,0
58.253,0
58.301,0
58.349,0
58.396,0
58.459,0
58.507,0
58.571,0
58.632,0
58.68,0
58.728,0
58.792,0
58.84,0
58.887,0
58.935,0
58.998,0
59.046,0
59.094,0
59.158,0
59.222,0
59.286,0
59.35,0
59.397,0
59.461,0
59.525,0
59.589,0
59.637,0
59.701,0
59.747,0
59.811,0
59.859,0
59.922,0
59.969,0
60.001,0
60.049,0
60.097,0
60.128,0
60.16,0
60.207,0
60.254,0
60.301,0
60.349,0
60.397,0
60.443,0
60.473,0
60.521,0
60.569,0
60.617,0
60.649,0
60.697,0
60.745,0
60.793,0
60.825,0
60.872,0
60.92,0
60.968,0
61.015,0
61.063,0
61.11,0
61.173,0
61.235,0
61.283,0
61.347,0
61.411,0
61.474,0
61.538,0
61.601,0
61.664,0
61.728,0
61.776,0
61.824,0
61.887,0
61.935,0
61.98,0
62.028,0
62.06,0
62.108,0
62.156,0
62.202,0
62.25,0
62.298,0
62.345,0
62.393,0
62.425,0
62.473,0
62.521,0
62.569,0
62.617,0
62.665,0
62.697,0
62.728,0
62.776,0
62.808,0
62.84,0
62.888,0
62.936,0
62.983,0
63.015,0
63.062,0
63.109,0
63.157,0
63.189,0
63.237,0
63.285,0
63.333,0
63.365,0
63.397,0
63.445,0
63.492,0
63.54,0
63.572,0
63.62,0
63.652,0
63.7,0
63.748,0
63.78,0
63.827,0
63.875,0
63.923,0
63.971,0
64.003,0
64.051,0
64.099,0
64.147,0
64.193,0
64.224,0
64.272,0
64.319,0
64.366,0
64.414,0
64.478,0
64.541,0
64.604,0
64.667,0
64.73,0
64.794,0
64.858,0
64.906,0
64.969,0
65.015,0
65.079,0
65.143,0
65.19,0
65.222,0
65.268,0
65.299,0
65.344,0
65.391,0
65.438,0
65.486,0
65.534,0
65.582,0
65.614,0
65.646,0
65.694,0
65.74,0
65.803,0
65.867,0
65.93,0
65.978,0
66.026,0
66.089,0
66.153,0
66.217,0
66.281,0
66.344,0
66.408,0
66.455,0
66.503,0
66.567,0
66.615,0
66.679,0
66.727,0
66.791,0
66.854,0
66.901,0
66.965,0
67.028,0
67.092,0
67.155,0
67.218,0
67.266,0
67.33,0
67.394,0
67.442,0
67.506,0
67.568,0
67.6,0
67.632,0
67.679,0
67.727,0
67.775,0
67.823,0
67.87,0
67.902,0
67.948,0
67.98,0
68.012,0
68.044,0
68.092,0
68.14,0
68.171,0
68.219,0
68.267,0
68.314,0
68.362,0
68.409,0
68.457,0
68.505,0
68.553,0
68.601,0
68.633,0
68.681,0
68.728,0
68.776,0
68.808,0
68.84,0
68.888,0
68.936,0
68.967,0
69.014,0
69.061,0
69.109,0
69.172,0
69.22,0
69.283,0
69.346,0
69.41,0
69.472,0
69.52,0
69.584,0
69.648,0
69.712,0
69.776,0
69.839,0
69.886,0
69.95,0
70.013,0
70.06,0
70.106,0
70.138,0
70.185,0
70.233,0
70.265,0
70.313,0
70.361,0
70.408,0
70.456,0
70.486,0
70.533,0
70.564,0
70.596,0
70.644,0
70.676,0
70.723,0
70.771,0
70.819,0
70.867,0
70.899,0
70.946,0
70.993,0
71.055,0
71.119,0
71.167,0
71.231,0
71.294,0
71.356,0
71.42,0
71.468,0
71.531,0
71.579,0
71.643,0
71.69,0
71.754,0
71.802,0
71.866,0
71.929,0
71.992,0
72.039,0
72.07,0
72.118,0
72.15,0
72.197,0
72.245,0
72.293,0
72.341,0
72.389,0
72.436,0
72.468,0
72.5,0
72.532,0
72.58,0
72.628,0
72.676,0
72.708,0
72.756,0
72.802,0
72.834,0
72.882,0
72.914,0
72.946,0
72.978,0
73.01,0
73.058,0
73.106,0
73.154,0
73.201,0
73.233,0
73.281,0
73.313,0
73.345,0
73.377,0
73.409,0
73.457,0
73.505,0
73.537,0
73.568,0
73.616,0
73.664,0
73.696,0
73.744,0
73.792,0
73.84,0
73.887,0
73.934,0
73.982,0
74.03,0
74.078,0
74.126,0
74.173,0
74.221,0
74.253,0
74.3,0
74.348,0
74.379,0
74.41,0
74.441,0
74.505,0
74.553,0
74.617,0
74.681,0
74.744,0
74.807,0
74.87,0
74.918,0
74.982,0
75.045,0
75.108,0
75.171,0
75.218,0
75.282,0
75.345,0
75.409,0
75.456,0
75.504,0
75.552,0
75.6,0
75.664,0
75.696,0
75.744,0
75.776,0
75.823,0
75.886,0
75.933,0
75.964,0
76.012,0
76.044,0
76.092,0
76.139,0
76.187,0
76.218,0
76.249,0
76.297,0
76.329,0
76.361,0
76.392,0
76.44,0
76.455,0
76.503,0
76.551,0
76.599,0
76.646,0
76.694,0
76.742,0
76.774,0
76.822,0
76.854,0
76.901,0
76.948,0
77.01,0
77.074,0
77.138,0
77.202,0
77.25,0
77.313,0
77.376,0
77.439,0
77.503,0
77.551,0
77.599,0
77.663,0
77.727,0
77.79,0
77.854,0
77.9,0
77.948,0
78.012,0
78.075,0
78.123,0
78.171,0
78.233,0
78.265,0
78.313,0
78.345,0
78.393,0
78.441,0
78.473,0
78.521,0
78.568,0
78.6,0
78.648,0
78.696,0
78.744,0
78.791,0
78.839,0
78.887,0
78.932,0
78.98,0
79.028,0
79.075,0
79.121,0
79.169,0
79.201,0
79.249,0
79.297,0
79.329,0
79.377,0
79.423,0
79.47,0
79.518,0
79.582,0
79.646,0
79.71,0
79.774,0
79.837,0
79.901,0
79.964,0
80.028,0
80.092,0
80.154,0
80.202,0
80.25,0
80.313,0
80.377,0
80.441,0
80.504,0
80.567,0
80.631,0
80.695,0
80.743,0
80.791,0
80.839,0
80.902,0
80.965,0
81.029,0
81.093,0
81.156,0
81.203,0
81.251,0
81.298,0
81.346,0
81.394,0
81.442,0
81.49,0
81.538,0
81.57,0
81.618,0
81.665,0
81.713,0
81.745,0
81.793,0
81.841,0
81.889,0
81.92,0
81.952,0
82.0,0
82.048,0
82.096,0
82.128,0
82.144,0
82.19,0
82.238,0
82.285,0
82.315,0
82.363,0
82.395,0
82.427,0
82.474,0
82.536,0
82.6,0
82.664,0
82.728,0
82.792,0
82.84,0
82.888,0
82.951,0
83.015,0
83.079,0
83.143,0
83.191,0
83.255,0
83.317,0
83.365,0
83.429,0
83.493,0
83.556,0
83.619,0
83.667,0
83.714,0
83.778,0
83.842,0
83.905,0
83.953,0
84.017,0
84.064,0
84.128,0
84.176,0
84.223,0
84.287,0
84.351,0
84.399,0
84.445,0
84.493,0
84.54,0
84.588,0
84.62,0
84.668,0
84.716,0
84.764,0
84.811,0
84.859,0
84.89,0
84.938,0
84.986,0
85.034,0
85.066,0
85.098,0
85.13,0
85.178,0
85.21,0
85.257,0
85.305,0
85.353,0
85.401,0
85.449,0
85.48,0
85.526,0
85.558,0
85.606,0
85.637,0
85.669,0
85.717,0
85.765,0
85.813,0
85.861,0
85.893,0
85.941,0
85.989,0
86.036,0
86.068,0
86.116,0
86.147,0
86.195,0
86.243,0
86.29,0
86.338,0
86.385,0
86.417,0
86.465,0
86.511,0
86.575,0
86.638,0
86.686,0
86.749,0
86.795,0
86.858,0
86.922,0
86.985,0
87.048,0
87.111,0
87.159,0
87.191,0
87.238,0
87.286,0
87.333,0
87.381,0
87.428,0
87.475,0
87.522,0
87.57,0
87.618,0
87.666,0
87.713,0
87.76,0
87.807,0
87.855,0
87.887,0
87.919,0
87.966,0
88.013,0
88.061,0
88.109,0
88.141,0
88.189,0
88.237,0
88.285,0
88.316,0
88.347,0
88.411,0
88.475,0
88.522,0
88.585,0
88.649,0
88.712,0
88.776,0
88.824,0
88.886,0
88.949,0
89.013,0
89.075,0
89.122,0
89.154,0
89.201,0
89.233,0
89.265,0
89.313,0
89.345,0
89.393,0
89.441,0
89.473,0
89.521,0
89.567,0
89.598,0
89.646,0
89.678,0
89.726,0
89.774,0
89.822,0
89.854,0
89.901,0
89.933,0
89.98,0
90.012,0
90.06,0
90.108,0
90.156,0
90.203,0
90.234,0
90.282,0
90.329,0
90.376,0
90.439,0
90.487,0
90.551,0
90.614,0
90.662,0
90.725,0
90.789,0
90.852,0
90.916,0
90.98,0
91.043,0
91.09,0
91.138,0
91.202,0
91.248,0
91.311,0
91.359,0
91.422,0
91.453,0
91.501,0
91.549,0
91.581,0
91.628,0
91.676,0
91.708,0
91.756,0
91.788,0
91.835,0
91.882,0
91.914,0
91.961,0
91.993,0
92.04,0
92.087,0
92.135,0
92.181,0
92.213,0
92.245,0
92.277,0
92.325,0
92.357,0
92.405,0
92.437,0
92.469,0
92.501,0
92.548,0
92.595,0
92.643,0
92.691,0
92.739,0
92.787,0
92.835,0
92.882,0
92.946,0
92.994,0
93.056,0
93.119,0
93.167,0
93.23,0
93.293,0
93.357,0
93.42,0
93.483,0
93.547,0
93.61,0
93.671,0
93.719,0
93.767,0
93.814,0
93.861,0
93.908,0
93.94,0
93.971,0
94.019,0
94.067,0
94.114,0
94.161,0
94.209,0
94.255,0
94.303,0
94.35,0
94.414,0
94.478,0
94.54,0
94.603,0
94.667,0
94.714,0
94.762,0
94.826,0
94.889,0
94.952,0
95.015,0
95.063,0
95.111,0
95.174,0
95.206,0
95.254,0
95.301,0
95.348,0
95.395,0
95.427,0
95.459,0
95.507,0
95.554,0
95.602,0
95.65,0
95.682,0
95.729,0
95.761,0
95.809,0
95.857,0
95.905,0
95.937,0
95.985,0
96.033,0
96.081,0
96.128,0
96.16,0
96.208,0
96.239,0
96.285,0
96.333,0
96.38,0
96.427,0
96.49,0
96.554,0
96.618,0
96.682,0
96.746,0
96.81,0
96.873,0
96.937,0
96.984,0
97.047,0
97.11,0
97.173,0
97.22,0
97.284,0
97.348,0
97.412,0
97.476,0
97.539,0
97.601,0
97.649,0
97.697,0
97.745,0
97.793,0
97.841,0
97.889,0
97.937,0
97.984,0
98.048,0
98.096,0
98.144,0
98.192,0
98.24,0
98.271,0
98.303,0
98.35,0
98.397,0
98.445,0
98.493,0
98.541,0
98.573,0
98.62,0
98.667,0
98.715,0
98.762,0
98.81,0
98.858,0
98.906,0
98.953,0
98.984,0
99.031,0
99.078,0
99.109,0
99.172,0
99.235,0
99.283,0
99.347,0
99.411,0
99.474,0
99.536,0
99.584,0
99.648,0
99.712,0
99.76,0
99.824,0
99.871,0
99.919,0
99.983,0
100.044,0
100.108,0
100.171,0
100.203,0
100.235,0
100.282,0
100.314,0
100.346,0
100.362,0
100.394,0
100.441,0
100.473,0
100.52,0
100.568,0
100.616,0
100.648,0
100.68,0
100.728,0
100.76,0
100.807,0
100.855,0
100.887,0
100.933,0
100.965,0
101.012,0
101.06,0
101.107,0
101.154,0
101.186,0
101.218,0
101.25,0
101.312,0
101.375,0
101.439,0
101.487,0
101.55,0
101.597,0
101.66,0
101.724,0
101.788,0
101.852,0
101.899,0
101.946,0
101.994,0
102.057,0
102.121,0
102.185,0
102.248,0
102.28,0
102.328,0
102.391,0
102.438,0
102.486,0
102.518,0
102.565,0
102.613,0
102.645,0
102.693,0
102.725,0
102.771,0
102.819,0
102.867,0
102.914,0
102.961,0
103.008,0
103.056,0
103.086,0
103.117,0
103.147,0
103.194,0
103.242,0
103.289,0
103.352,0
103.416,0
103.479,0
103.542,0
103.588,0
103.635,0
103.683,0
103.731,0
103.779,0
103.827,0
103.843,0
103.891,0
103.938,0
103.97,0
104.018,0
104.05,0
104.082,0
104.129,0
104.161,0
104.209,0
104.257,0
104.288,0
104.32,0
104.367,0
104.399,0
104.431,0
104.463,0
104.511,0
104.559,0
104.591,0
104.623,0
104.67,0
104.718,0
104.75,0
104.798,0
104.846,0
104.878,0
104.925,0
104.973,0
105.004,0
105.035,0
105.082,0
105.114,0
105.161,0
105.193,0
105.225,0
105.273,0
105.304,0
105.368,0
105.43,0
105.478,0
105.542,0
105.606,0
105.654,0
105.718,0
105.765,0
105.828,0
105.891,0
105.938,0
106.002,0
106.05,0
106.112,0
106.158,0
106.206,0
106.27,0
106.318,0
106.365,0
106.413,0
106.445,0
106.477,0
106.524,0
106.557,0
106.604,0
106.651,0
106.698,0
106.745,0
106.793,0
106.841,0
106.888,0
106.935,0
106.983,0
107.031,0
107.077,0
107.093,0
107.125,0
107.173,0
107.22,0
107.266,0
107.33,0
107.394,0
107.458,0
107.522,0
107.587,0
107.649,0
107.713,0
107.761,0
107.809,0
107.857,0
107.904,0
107.952,0
108.0,0
108.063,0
108.127,0
108.191,0
108.255,0
108.319,0
108.383,0
108.43,0
108.494,0
108.558,0
108.622,0
108.686,0
108.734,0
108.797,0
108.861,0
108.909,0
108.973,0
109.037,0
109.1,0
109.163,0
109.211,0
109.275,0
109.338,0
109.402,0
109.45,0
109.514,0
109.56,0
109.624,0
109.688,0
109.736,0
109.8,0
109.864,0
109.926,0
109.958,0
110.006,0
110.038,0
110.085,0
110.133,0
110.181,0
110.229,0
110.26,0
110.308,0
110.355,0
110.386,0
110.434,0
110.466,0
110.512,0
110.56,0
110.607,0
110.638,0
110.686,0
110.718,0
110.766,0
110.798,0
110.83,0
110.878,0
110.926,0
110.974,0
111.005,0
111.036,0
111.068,0
111.116,0
111.148,0
111.195,0
111.259,0
111.322,0
111.37,0
111.433,0
111.481,0
111.545,0
111.593,0
111.641,0
111.689,0
111.737,0
111.784,0
111.847,0
111.911,0
111.975,0
112.039,0
112.103,0
112.166,0
112.23,0
112.293,0
112.341,0
112.389,0
112.451,0
112.499,0
112.562,0
112.61,0
112.674,0
112.738,0
112.785,0
112.817,0
112.865,0
112.911,0
112.942,0
112.99,0
113.038,0
113.085,0
113.133,0
113.181,0
113.213,0
113.26,0
113.308,0
113.339,0
113.371,0
113.419,0
113.451,0
113.483,0
113.531,0
113.579,0
113.611,0
113.657,0
113.689,0
113.721,0
113.753,0
113.785,0
113.817,0
113.849,0
113.881,0
113.913,0
113.961,0
113.993,0
114.04,0
114.087,0
114.134,0
114.165,0
114.227,0
114.275,0
114.323,0
114.371,0
114.418,0
114.481,0
114.528,0
114.576,0
114.624,0
114.687,0
114.75,0
114.814,0
114.862,0
114.925,0
114.973,0
115.037,0
115.084,0
115.131,0
115.179,0
115.226,0
115.241,0
115.289,0
115.321,0
115.369,0
115.416,0
115.448,0
115.495,0
115.526,0
115.573,0
115.621,0
115.653,0
115.7,0
115.748,0
115.78,0
115.828,0
115.875,0
115.922,0
115.97,0
116.018,0
116.066,0
116.111,0
116.173,0
116.236,0
116.299,0
116.347,0
116.395,0
116.443,0
116.507,0
116.571,0
116.634,0
116.682,0
116.746,0
116.81,0
116.874,0
116.938,0
117.001,0
117.065,0
117.112,0
117.16,0
117.224,0
117.271,0
117.303,0
117.335,0
117.382,0
117.414,0
117.462,0
117.494,0
117.542,0
117.59,0
117.622,0
117.654,0
117.702,0
117.733,0
117.781,0
117.828,0
117.86,0
117.892,0
117.924,0
117.956,0
118.003,0
118.051,0
118.099,0
118.129,0
118.162,0
118.193,0
118.225,0
118.257,0
118.305,0
118.353,0
118.401,0
118.449,0
118.496,0
118.528,0
118.56,0
118.592,0
118.64,0
118.686,0
118.718,0
118.75,0
118.798,0
118.83,0
118.878,0
118.926,0
118.958,0
119.005,0
119.036,0
119.068,0
119.116,0
119.162,0
119.209,0
119.257,0
119.305,0
119.352,0
119.416,0
119.464,0
119.528,0
119.591,0
119.639,0
119.703,0
119.767,0
119.831,0
119.879,0
119.927,0
119.99,0
120.038,0
120.102,0
120.165,0
120.228,0
120.291,0
120.355,0
120.418,0
120.482,0
120.53,0
120.578,0
120.626,0
120.673,0
120.737,0
120.801,0
120.848,0
120.896,0
120.959,0
121.006,0
121.053,0
121.085,0
121.117,0
121.148,0
121.196,0
121.242,0
121.274,0
121.322,0
121.369,0
121.417,0
121.463,0
121.495,0
121.555,0
121.603,0
121.667,0
121.699,0
121.763,0
121.827,0
121.89,0
121.954,0
122.017,0
122.08,0
122.144,0
122.208,0
122.271,0
122.334,0
122.398,0
122.462,0
122.51,0
122.556,0
122.604,0
122.651,0
122.699,0
122.731,0
122.779,0
122.81,0
122.858,0
122.89,0
122.938,0
122.969,0
123.0,0
123.016,0
123.048,0
123.096,0
123.144,0
123.192,0
123.24,0
123.287,0
123.319,0
123.366,0
123.414,0
123.446,0
123.494,0
123.542,0
123.59,0
123.638,0
123.67,0
123.718,0
123.765,0
123.797,0
123.845,0
123.877,0
123.909,0
123.957,0
123.988,0
124.02,0
124.052,0
124.1,0
124.146,0
124.193,0
124.24,0
124.287,0
124.334,0
124.381,0
124.444,0
124.491,0
124.554,0
124.617,0
124.665,0
124.729,0
124.793,0
124.841,0
124.903,0
124.951,0
124.998,0
125.045,0
125.093,0
125.141,0
125.188,0
125.235,0
125.282,0
125.313,0
125.36,0
125.408,0
125.455,0
125.501,0
125.548,0
125.612,0
125.674,0
125.738,0
125.802,0
125.866,0
125.913,0
125.977,0
126.04,0
126.103,0
126.151,0
126.198,0
126.262,0
126.325,0
126.387,0
126.434,0
126.482,0
126.53,0
126.562,0
126.61,0
126.658,0
126.705,0
126.752,0
126.784,0
126.815,0
126.846,0
126.894,0
126.926,0
126.974,0
127.022,0
127.07,0
127.117,0
127.164,0
127.195,0
127.242,0
127.29,0
127.338,0
127.385,0
127.449,0
127.496,0
127.56,0
127.608,0
127.671,0
127.718,0
127.781,0
127.829,0
127.892,0
127.956,0
128.004,0
128.067,0
128.131,0
128.179,0
128.242,0
128.306,0
128.37,0
128.434,0
128.498,0
128.562,0
128.61,0
128.673,0
128.737,0
128.785,0
128.833,0
128.881,0
128.945,0
128.993,0
129.055,0
129.119,0
129.183,0
129.229,0
129.276,0
129.308,0
129.356,0
129.403,0
129.45,0
129.498,0
129.53,0
129.578,0
129.61,0
129.658,0
129.706,0
129.738,0
129.768,0
129.816,0
129.848,0
129.895,0
129.943,0
129.975,0
130.023,0
130.071,0
130.119,0
130.164,0
130.211,0
130.259,0
130.306,0
130.369,0
130.417,0
130.48,0
130.543,0
130.607,0
130.67,0
130.734,0
130.798,0
130.846,0
130.894,0
130.941,0
131.005,0
131.052,0
131.1,0
131.148,0
131.211,0
131.258,0
131.306,0
131.353,0
131.385,0
131.433,0
131.497,0
131.545,0
131.593,0
131.64,0
131.687,0
131.735,0
131.783,0
131.831,0
131.879,0
131.926,0
131.958,0
132.006,0
132.053,0
132.1,0
132.132,0
132.178,0
132.21,0
132.257,0
132.289,0
132.336,0
132.383,0
132.431,0
132.479,0
132.511,0
132.559,0
132.591,0
132.639,0
132.687,0
132.719,0
132.766,0
132.814,0
132.862,0
132.894,0
132.925,0
132.989,0
133.037,0
133.101,0
133.163,0
133.211,0
133.275,0
133.337,0
133.385,0
133.449,0
133.511,0
133.556,0
133.588,0
133.636,0
133.684,0
133.716,0
133.764,0
133.812,0
133.844,0
133.86,0
133.907,0
133.938,0
133.986,0
134.017,0
134.064,0
134.096,0
134.144,0
134.175,0
134.223,0
134.253,0
134.3,0
134.348,0
134.379,0
134.425,0
134.473,0
134.537,0
134.585,0
134.648,0
134.712,0
134.775,0
134.823,0
134.886,0
134.934,0
134.998,0
135.045,0
135.108,0
135.171,0
135.234,0
135.282,0
135.346,0
135.409,0
135.441,0
135.487,0
135.517,0
135.549,0
135.596,0
135.628,0
135.66,0
135.692,0
135.724,0
135.756,0
135.802,0
135.834,0
135.866,0
135.913,0
135.928,0
135.959,0
136.007,0
136.055,0
136.086,0
136.149,0
136.196,0
136.26,0
136.323,0
136.371,0
136.419,0
136.467,0
136.531,0
136.579,0
136.627,0
136.675,0
136.737,0
136.8,0
136.863,0
136.927,0
136.99,0
137.038,0
137.084,0
137.116,0
137.147,0
137.178,0
137.21,0
137.257,0
137.305,0
137.352,0
137.384,0
137.415,0
137.447,0
137.462,0
137.51,0
137.558,0
137.606,0
137.638,0
137.686,0
137.718,0
137.765,0
137.813,0
137.86,0
137.906,0
137.953,0
138.017,0
138.064,0
138.111,0
138.174,0
138.237,0
138.284,0
138.348,0
138.396,0
138.444,0
138.492,0
138.556,0
138.603,0
138.667,0
138.715,0
138.779,0
138.811,0
138.859,0
138.923,0
138.971,0
139.034,0
139.081,0
139.128,0
139.176,0
139.223,0
139.27,0
139.302,0
139.334,0
139.366,0
139.413,0
139.46,0
139.507,0
139.554,0
139.586,0
139.634,0
139.666,0
139.698,0
139.746,0
139.778,0
139.81,0
139.842,0
139.873,0
139.92,0
139.968,0
139.999,0
140.047,0
140.079,0
140.111,0
140.158,0
140.206,0
140.252,0
140.315,0
140.362,0
140.41,0
140.457,0
140.521,0
140.585,0
140.633,0
140.696,0
140.76,0
140.824,0
140.871,0
140.935,0
140.998,0
141.046,0
141.092,0
141.14,0
141.172,0
141.204,0
141.236,0
141.268,0
141.299,0
141.347,0
141.379,0
141.411,0
141.443,0
141.49,0
141.538,0
141.57,0
141.602,0
141.65,0
141.698,0
141.746,0
141.778,0
141.825,0
141.871,0
141.903,0
141.935,0
141.967,0
142.014,0
142.046,0
142.094,0
142.141,0
142.188,0
142.235,0
142.283,0
142.331,0
142.377,0
142.441,0
142.487,0
142.535,0
142.599,0
142.663,0
142.727,0
142.791,0
142.854,0
142.902,0
142.966,0
143.013,0
143.076,0
143.124,0
143.172,0
143.233,0
143.297,0
143.36,0
143.406,0
143.453,0
143.501,0
143.533,0
143.581,0
143.628,0
143.66,0
143.708,0
143.756,0
143.804,0
143.836,0
143.882,0
143.93,0
143.977,0
144.023,0
144.055,0
144.102,0
144.149,0
144.197,0
144.244,0
144.292,0
144.34,0
144.387,0
144.433,0
144.497,0
144.561,0
144.625,0
144.689,0
144.737,0
144.785,0
144.831,0
144.878,0
144.942,0
144.99,0
145.054,0
145.118,0
145.166,0
145.213,0
145.277,0
145.324,0
145.388,0
145.451,0
145.499,0
145.547,0
145.595,0
145.643,0
145.675,0
145.723,0
145.77,0
145.818,0
145.85,0
145.897,0
145.943,0
145.974,0
146.022,0
146.069,0
146.116,0
146.132,0
146.18,0
146.211,0
146.243,0
146.29,0
146.337,0
146.4,0
146.464,0
146.527,0
146.575,0
146.639,0
146.687,0
146.751,0
146.814,0
146.861,0
146.924,0
146.986,0
147.049,0
147.096,0
147.144,0
147.192,0
147.256,0
147.303,0
147.334,0
147.382,0
147.414,0
147.445,0
147.493,0
147.541,0
147.589,0
147.637,0
147.669,0
147.7,0
147.747,0
147.795,0
147.843,0
147.875,0
147.906,0
147.937,0
147.983,0
148.03,0
148.062,0
148.11,0
148.158,0
148.221,0
148.269,0
148.317,0
148.379,0
148.427,0
148.475,0
148.523,0
148.571,0
148.619,0
148.667,0
148.699,0
148.762,0
148.81,0
148.857,0
148.905,0
148.953,0
149.015,0
149.079,0
149.141,0
149.202,0
149.234,0
149.281,0
149.313,0
149.344,0
149.375,0
149.407,0
149.439,0
149.486,0
149.517,0
149.549,0
149.597,0
149.644,0
149.692,0
149.724,0
149.772,0
149.82,0
149.852,0
149.883,0
149.915,0
149.961,0
150.007,0
150.071,0
150.134,0
150.182,0
150.246,0
150.294,0
150.358,0
150.405,0
150.469,0
150.533,0
150.581,0
150.645,0
150.709,0
150.756,0
150.82,0
150.884,0
150.948,0
151.012,0
151.075,0
151.123,0
151.17,0
151.234,0
151.298,0
151.346,0
151.409,0
151.472,0
151.535,0
151.599,0
151.647,0
151.695,0
151.743,0
151.807,0
151.869,0
151.917,0
151.964,0
151.996,0
152.028,0
152.074,0
152.106,0
152.153,0
152.201,0
152.232,0
152.261,0
152.308,0
152.356,0
152.419,0
152.483,0
152.547,0
152.611,0
152.673,0
152.737,0
152.801,0
152.833,0
152.897,0
152.96,0
153.007,0
153.054,0
153.101,0
153.148,0
153.211,0
153.258,0
153.306,0
153.353,0
153.384,0
153.432,0
153.464,0
153.496,0
153.528,0
153.576,0
153.608,0
153.656,0
153.702,0
153.733,0
153.764,0
153.796,0
153.828,0
153.86,0
153.908,0
153.955,0
153.986,0
154.018,0
154.066,0
154.114,0
154.145,0
154.175,0
154.222,0
154.286,0
154.35,0
154.398,0
154.462,0
154.525,0
154.573,0
154.62,0
154.684,0
154.731,0
154.794,0
154.858,0
154.921,0
154.985,0
155.031,0
155.078,0
155.11,0
155.142,0
155.173,0
155.189,0
155.221,0
155.268,0
155.3,0
155.347,0
155.378,0
155.424,0
155.471,0
155.519,0
155.551,0
155.599,0
155.646,0
155.694,0
155.742,0
155.773,0
155.805,0
155.853,0
155.901,0
155.963,0
156.01,0
156.057,0
156.121,0
156.183,0
156.247,0
156.309,0
156.372,0
156.436,0
156.499,0
156.531,0
156.578,0
156.61,0
156.642,0
156.674,0
156.706,0
156.738,0
156.785,0
156.816,0
156.864,0
156.895,0
156.943,0
156.991,0
157.038,0
157.07,0
157.101,0
157.148,0
157.179,0
157.209,0
157.257,0
157.32,0
157.384,0
157.447,0
157.494,0
157.558,0
157.622,0
157.686,0
157.734,0
157.796,0
157.844,0
157.891,0
157.953,0
158.016,0
158.047,0
158.094,0
158.141,0
158.172,0
158.188,0
158.236,0
158.283,0
158.315,0
158.347,0
158.394,0
158.442,0
158.49,0
158.537,0
158.568,0
158.6,0
158.662,0
158.71,0
158.758,0
158.822,0
158.869,0
158.933,0
158.964,0
159.026,0
159.074,0
159.138,0
159.201,0
159.248,0
159.312,0
159.358,0
159.404,0
159.451,0
159.498,0
159.53,0
159.562,0
159.594,0
159.642,0
159.674,0
159.706,0
159.753,0
159.785,0
159.817,0
159.849,0
159.881,0
159.913,0
159.945,0
159.992,0
160.04,0
160.071,0
160.103,0
160.134,0
160.165,0
160.213,0
160.245,0
160.276,0
160.308,0
160.356,0
160.402,0
160.449,0
160.512,0
160.576,0
160.624,0
160.672,0
160.72,0
160.768,0
160.816,0
160.879,0
160.943,0
161.006,0
161.07,0
161.134,0
161.182,0
161.228,0
161.276,0
161.339,0
161.387,0
161.45,0
161.482,0
161.53,0
161.561,0
161.592,0
161.624,0
161.671,0
161.703,0
161.751,0
161.799,0
161.847,0
161.879,0
161.91,0
161.942,0
161.973,0
162.004,0
162.052,0
162.083,0
162.131,0
162.163,0
162.211,0
162.243,0
162.291,0
162.323,0
162.37,0
162.418,0
162.466,0
162.513,0
162.561,0
162.609,0
162.641,0
162.689,0
162.721,0
162.768,0
162.816,0
162.864,0
162.912,0
162.944,0
162.992,0
163.039,0
163.086,0
163.134,0
163.166,0
163.198,0
163.245,0
163.277,0
163.325,0
163.357,0
163.404,0
163.451,0
163.481,0
163.544,0
163.592,0
163.656,0
163.686,0
163.749,0
163.797,0
163.845,0
163.892,0
163.924,0
163.956,0
164.002,0
164.049,0
164.081,0
164.113,0
164.16,0
164.192,0
164.223,0
164.254,0
164.286,0
164.318,0
164.366,0
164.414,0
164.445,0
164.493,0
164.525,0
164.573,0
164.619,0
164.667,0
164.699,0
164.748,0
164.795,0
164.843,0
164.89,0
164.922,0
164.969,0
165.017,0
165.079,0
165.143,0
165.206,0
165.27,0
165.317,0
165.379,0
165.443,0
165.507,0
165.571,0
165.634,0
165.698,0
165.745,0
165.809,0
165.856,0
165.904,0
165.952,0
165.999,0
166.031,0
166.078,0
166.108,0
166.172,0
166.204,0
166.252,0
166.3,0
166.348,0
166.396,0
166.444,0
166.491,0
166.539,0
166.587,0
166.635,0
166.683,0
166.731,0
166.779,0
166.827,0
166.874,0
166.906,0
166.954,0
166.986,0
167.033,0
167.081,0
167.128,0
167.175,0
167.222,0
167.27,0
167.317,0
167.365,0
167.413,0
167.461,0
167.493,0
167.541,0
167.588,0
167.636,0
167.684,0
167.732,0
167.763,0
167.811,0
167.859,0
167.923,0
167.985,0
168.049,0
168.113,0
168.161,0
168.225,0
168.289,0
168.352,0
168.416,0
168.464,0
168.512,0
168.56,0
168.623,0
168.687,0
168.75,0
168.814,0
168.877,0
168.941,0
168.988,0
169.052,0
169.099,0
169.163,0
169.227,0
169.291,0
169.354,0
169.418,0
169.465,0
169.511,0
169.559,0
169.591,0
169.623,0
169.687,0
169.734,0
169.765,0
169.813,0
169.86,0
169.892,0
169.94,0
169.972,0
170.02,0
170.068,0
170.099,0
170.13,0
170.178,0
170.225,0
170.273,0
170.32,0
170.367,0
170.414,0
170.477,0
170.539,0
170.602,0
